Catenary estimation report
- Project file ................: C:/uclm/Ejemplo_Cuenca/RPAS_LIDAR/pwl_lidar_rpas_cuenca.sqlite
- Wires group .................: EP_5_EP_6WG_5
- Processing parameters:
  - Distance between points ...: 0.500
  - Linear tolerance ..........: 0.400
  - Linear threshold LS........: 0.100
  - Minimum points in profile .: 2
  - Minimum inliers in profile : 2
  - Maximum iterations ........: 10
- Step 1: 2D line estimation
  - Number of points .......: 1456
    Parameter m    Parameter n       Std  Outliers
       0.352632         -0.017     0.021        10
  - WKT: LINESTRING(635740.9510 4412514.7290,635814.2620 4412540.5808)
- Step 2: 2D line estimation
   Point    H.Mean     Std  Outliers Inliers   Minimum   Maximum  Difference    Values
       0  1074.190   0.014         0       5  1074.165  1074.206       0.041  1074.190  1074.190  1074.190  1074.190  1074.190
       1  1074.160   0.025         0      24  1074.140  1074.221       0.081  1074.160  1074.160  1074.160  1074.160  1074.160  1074.160  1074.160  1074.160  1074.160  1074.160  1074.160  1074.160  1074.160  1074.160  1074.160  1074.160  1074.160  1074.160  1074.160  1074.160  1074.160  1074.160  1074.160  1074.160
       2  1074.211   0.077         0      19  1074.099  1074.211       0.112  1074.211  1074.211  1074.211  1074.211  1074.211  1074.211  1074.211  1074.211  1074.211  1074.211  1074.211  1074.211  1074.211  1074.211  1074.211  1074.211  1074.211  1074.211  1074.211
       3  1074.114   0.041         0      18  1074.061  1074.210       0.149  1074.114  1074.114  1074.114  1074.114  1074.114  1074.114  1074.114  1074.114  1074.114  1074.114  1074.114  1074.114  1074.114  1074.114  1074.114  1074.114  1074.114  1074.114
       4  1074.060   0.031         0      18  1074.015  1074.132       0.117  1074.060  1074.060  1074.060  1074.060  1074.060  1074.060  1074.060  1074.060  1074.060  1074.060  1074.060  1074.060  1074.060  1074.060  1074.060  1074.060  1074.060  1074.060
       5  1074.055   0.043         0      19  1073.964  1074.098       0.134  1074.055  1074.055  1074.055  1074.055  1074.055  1074.055  1074.055  1074.055  1074.055  1074.055  1074.055  1074.055  1074.055  1074.055  1074.055  1074.055  1074.055  1074.055  1074.055
       6  1073.958   0.064         0      15  1073.823  1074.081       0.258  1073.958  1073.958  1073.958  1073.958  1073.958  1073.958  1073.958  1073.958  1073.958  1073.958  1073.958  1073.958  1073.958  1073.958  1073.958
       7  1073.921   0.023         0      19  1073.906  1073.985       0.079  1073.921  1073.921  1073.921  1073.921  1073.921  1073.921  1073.921  1073.921  1073.921  1073.921  1073.921  1073.921  1073.921  1073.921  1073.921  1073.921  1073.921  1073.921  1073.921
       8  1073.900   0.018         0      14  1073.880  1073.938       0.058  1073.900  1073.900  1073.900  1073.900  1073.900  1073.900  1073.900  1073.900  1073.900  1073.900  1073.900  1073.900  1073.900  1073.900
       9  1073.871   0.039         0      18  1073.784  1073.964       0.180  1073.871  1073.871  1073.871  1073.871  1073.871  1073.871  1073.871  1073.871  1073.871  1073.871  1073.871  1073.871  1073.871  1073.871  1073.871  1073.871  1073.871  1073.871
      10  1073.833   0.027         0      12  1073.799  1073.877       0.078  1073.833  1073.833  1073.833  1073.833  1073.833  1073.833  1073.833  1073.833  1073.833  1073.833  1073.833  1073.833
      11  1073.627   0.155         0      15  1073.627  1073.816       0.189  1073.627  1073.627  1073.627  1073.627  1073.627  1073.627  1073.627  1073.627  1073.627  1073.627  1073.627  1073.627  1073.627  1073.627  1073.627
      12  1073.744   0.034         0      20  1073.713  1073.818       0.105  1073.744  1073.744  1073.744  1073.744  1073.744  1073.744  1073.744  1073.744  1073.744  1073.744  1073.744  1073.744  1073.744  1073.744  1073.744  1073.744  1073.744  1073.744  1073.744  1073.744
      13  1073.723   0.031         0      21  1073.641  1073.773       0.132  1073.723  1073.723  1073.723  1073.723  1073.723  1073.723  1073.723  1073.723  1073.723  1073.723  1073.723  1073.723  1073.723  1073.723  1073.723  1073.723  1073.723  1073.723  1073.723  1073.723  1073.723
      14  1073.689   0.035         0      10  1073.680  1073.786       0.106  1073.689  1073.689  1073.689  1073.689  1073.689  1073.689  1073.689  1073.689  1073.689  1073.689
      15  1073.644   0.030         0      16  1073.607  1073.707       0.100  1073.644  1073.644  1073.644  1073.644  1073.644  1073.644  1073.644  1073.644  1073.644  1073.644  1073.644  1073.644  1073.644  1073.644  1073.644  1073.644
      16  1073.568   0.042         0       9  1073.559  1073.645       0.086  1073.568  1073.568  1073.568  1073.568  1073.568  1073.568  1073.568  1073.568  1073.568
      17  1073.591   0.039         0      21  1073.522  1073.653       0.131  1073.591  1073.591  1073.591  1073.591  1073.591  1073.591  1073.591  1073.591  1073.591  1073.591  1073.591  1073.591  1073.591  1073.591  1073.591  1073.591  1073.591  1073.591  1073.591  1073.591  1073.591
      18  1073.518   0.049         0      11  1073.518  1073.597       0.079  1073.518  1073.518  1073.518  1073.518  1073.518  1073.518  1073.518  1073.518  1073.518  1073.518  1073.518
      19  1073.527   0.041         0      12  1073.460  1073.600       0.140  1073.527  1073.527  1073.527  1073.527  1073.527  1073.527  1073.527  1073.527  1073.527  1073.527  1073.527  1073.527
      20  1073.459   0.040         0      17  1073.448  1073.568       0.120  1073.459  1073.459  1073.459  1073.459  1073.459  1073.459  1073.459  1073.459  1073.459  1073.459  1073.459  1073.459  1073.459  1073.459  1073.459  1073.459  1073.459
      21  1073.419   0.041         0      17  1073.406  1073.527       0.121  1073.419  1073.419  1073.419  1073.419  1073.419  1073.419  1073.419  1073.419  1073.419  1073.419  1073.419  1073.419  1073.419  1073.419  1073.419  1073.419  1073.419
      22  1073.372   0.014         0       8  1073.360  1073.399       0.039  1073.372  1073.372  1073.372  1073.372  1073.372  1073.372  1073.372  1073.372
      23  1073.362   0.023         0      21  1073.338  1073.414       0.076  1073.362  1073.362  1073.362  1073.362  1073.362  1073.362  1073.362  1073.362  1073.362  1073.362  1073.362  1073.362  1073.362  1073.362  1073.362  1073.362  1073.362  1073.362  1073.362  1073.362  1073.362
      24  1073.365   0.044         0      14  1073.293  1073.365       0.072  1073.365  1073.365  1073.365  1073.365  1073.365  1073.365  1073.365  1073.365  1073.365  1073.365  1073.365  1073.365  1073.365  1073.365
      25  1073.294   0.023         0      16  1073.274  1073.343       0.069  1073.294  1073.294  1073.294  1073.294  1073.294  1073.294  1073.294  1073.294  1073.294  1073.294  1073.294  1073.294  1073.294  1073.294  1073.294  1073.294
      26  1073.259   0.014         0      12  1073.247  1073.291       0.044  1073.259  1073.259  1073.259  1073.259  1073.259  1073.259  1073.259  1073.259  1073.259  1073.259  1073.259  1073.259
      27  1073.289   0.061         0      13  1073.181  1073.289       0.108  1073.289  1073.289  1073.289  1073.289  1073.289  1073.289  1073.289  1073.289  1073.289  1073.289  1073.289  1073.289  1073.289
      28  1073.166   0.029         0      16  1073.162  1073.251       0.089  1073.166  1073.166  1073.166  1073.166  1073.166  1073.166  1073.166  1073.166  1073.166  1073.166  1073.166  1073.166  1073.166  1073.166  1073.166  1073.166
      29  1073.135   0.016         0      14  1073.107  1073.164       0.057  1073.135  1073.135  1073.135  1073.135  1073.135  1073.135  1073.135  1073.135  1073.135  1073.135  1073.135  1073.135  1073.135  1073.135
      30  1073.160   0.030         0      12  1073.107  1073.182       0.075  1073.160  1073.160  1073.160  1073.160  1073.160  1073.160  1073.160  1073.160  1073.160  1073.160  1073.160  1073.160
      31  1073.089   0.028         0      22  1073.039  1073.126       0.087  1073.089  1073.089  1073.089  1073.089  1073.089  1073.089  1073.089  1073.089  1073.089  1073.089  1073.089  1073.089  1073.089  1073.089  1073.089  1073.089  1073.089  1073.089  1073.089  1073.089  1073.089  1073.089
      32  1073.120   0.050         0      13  1073.037  1073.164       0.127  1073.120  1073.120  1073.120  1073.120  1073.120  1073.120  1073.120  1073.120  1073.120  1073.120  1073.120  1073.120  1073.120
      33  1073.025   0.015         0      19  1073.003  1073.045       0.042  1073.025  1073.025  1073.025  1073.025  1073.025  1073.025  1073.025  1073.025  1073.025  1073.025  1073.025  1073.025  1073.025  1073.025  1073.025  1073.025  1073.025  1073.025  1073.025
      34  1073.045   0.055         0      21  1072.901  1073.047       0.146  1073.045  1073.045  1073.045  1073.045  1073.045  1073.045  1073.045  1073.045  1073.045  1073.045  1073.045  1073.045  1073.045  1073.045  1073.045  1073.045  1073.045  1073.045  1073.045  1073.045  1073.045
      35  1072.960   0.030         0      22  1072.901  1073.005       0.104  1072.960  1072.960  1072.960  1072.960  1072.960  1072.960  1072.960  1072.960  1072.960  1072.960  1072.960  1072.960  1072.960  1072.960  1072.960  1072.960  1072.960  1072.960  1072.960  1072.960  1072.960  1072.960
      36  1072.986   0.056         0      18  1072.892  1073.006       0.114  1072.986  1072.986  1072.986  1072.986  1072.986  1072.986  1072.986  1072.986  1072.986  1072.986  1072.986  1072.986  1072.986  1072.986  1072.986  1072.986  1072.986  1072.986
      37  1072.903   0.038         0      15  1072.875  1073.024       0.149  1072.903  1072.903  1072.903  1072.903  1072.903  1072.903  1072.903  1072.903  1072.903  1072.903  1072.903  1072.903  1072.903  1072.903  1072.903
      38  1072.866   0.030         0      19  1072.804  1072.912       0.108  1072.866  1072.866  1072.866  1072.866  1072.866  1072.866  1072.866  1072.866  1072.866  1072.866  1072.866  1072.866  1072.866  1072.866  1072.866  1072.866  1072.866  1072.866  1072.866
      39  1072.826   0.055         0      16  1072.719  1072.938       0.219  1072.826  1072.826  1072.826  1072.826  1072.826  1072.826  1072.826  1072.826  1072.826  1072.826  1072.826  1072.826  1072.826  1072.826  1072.826  1072.826
      40  1072.779   0.052         0      19  1072.753  1072.921       0.168  1072.779  1072.779  1072.779  1072.779  1072.779  1072.779  1072.779  1072.779  1072.779  1072.779  1072.779  1072.779  1072.779  1072.779  1072.779  1072.779  1072.779  1072.779  1072.779
      41  1072.744   0.044         0      12  1072.711  1072.857       0.146  1072.744  1072.744  1072.744  1072.744  1072.744  1072.744  1072.744  1072.744  1072.744  1072.744  1072.744  1072.744
      42  1072.764   0.038         0      13  1072.700  1072.838       0.138  1072.764  1072.764  1072.764  1072.764  1072.764  1072.764  1072.764  1072.764  1072.764  1072.764  1072.764  1072.764  1072.764
      43  1072.825   0.097         0       6  1072.689  1072.825       0.136  1072.825  1072.825  1072.825  1072.825  1072.825  1072.825
      44  1072.621   0.057         0       8  1072.621  1072.709       0.088  1072.621  1072.621  1072.621  1072.621  1072.621  1072.621  1072.621  1072.621
      45  1072.636   0.055         0       9  1072.486  1072.696       0.210  1072.636  1072.636  1072.636  1072.636  1072.636  1072.636  1072.636  1072.636  1072.636
      46  1072.599   0.054         0       4  1072.599  1072.679       0.080  1072.599  1072.599  1072.599  1072.599
      47  1072.570   0.045         0       9  1072.467  1072.645       0.178  1072.570  1072.570  1072.570  1072.570  1072.570  1072.570  1072.570  1072.570  1072.570
      48  1072.543   0.028         0       8  1072.525  1072.604       0.079  1072.543  1072.543  1072.543  1072.543  1072.543  1072.543  1072.543  1072.543
      49  1072.565   0.043         0      10  1072.483  1072.568       0.085  1072.565  1072.565  1072.565  1072.565  1072.565  1072.565  1072.565  1072.565  1072.565  1072.565
      50  1072.485   0.027         0      11  1072.444  1072.537       0.093  1072.485  1072.485  1072.485  1072.485  1072.485  1072.485  1072.485  1072.485  1072.485  1072.485  1072.485
      51  1072.499   0.028         0       7  1072.453  1072.544       0.091  1072.499  1072.499  1072.499  1072.499  1072.499  1072.499  1072.499
      52  1072.435   0.030         0       8  1072.434  1072.494       0.060  1072.435  1072.435  1072.435  1072.435  1072.435  1072.435  1072.435  1072.435
      53  1072.467   0.088         0      10  1072.290  1072.467       0.177  1072.467  1072.467  1072.467  1072.467  1072.467  1072.467  1072.467  1072.467  1072.467  1072.467
      54  1072.350   0.066         0       5  1072.313  1072.463       0.150  1072.350  1072.350  1072.350  1072.350  1072.350
      55  1072.331   0.028         0       5  1072.324  1072.389       0.065  1072.331  1072.331  1072.331  1072.331  1072.331
      56  1072.325   0.033         0       9  1072.259  1072.368       0.109  1072.325  1072.325  1072.325  1072.325  1072.325  1072.325  1072.325  1072.325  1072.325
      57  1072.278   0.047         0       3  1072.203  1072.309       0.106  1072.278  1072.278  1072.278
      58  1072.268   0.072         0      10  1072.237  1072.471       0.234  1072.268  1072.268  1072.268  1072.268  1072.268  1072.268  1072.268  1072.268  1072.268  1072.268
      59  1072.268   0.038         0       6  1072.190  1072.268       0.078  1072.268  1072.268  1072.268  1072.268  1072.268  1072.268
      60  1072.201   0.017         0       6  1072.179  1072.235       0.056  1072.201  1072.201  1072.201  1072.201  1072.201  1072.201
      61  1072.172   0.019         0       7  1072.127  1072.187       0.060  1072.172  1072.172  1072.172  1072.172  1072.172  1072.172  1072.172
      62  1072.134   0.029         0       8  1072.127  1072.196       0.069  1072.134  1072.134  1072.134  1072.134  1072.134  1072.134  1072.134  1072.134
      63  1072.140   0.034         0       7  1072.089  1072.140       0.051  1072.140  1072.140  1072.140  1072.140  1072.140  1072.140  1072.140
      64  1072.028   0.060         0       5  1072.028  1072.119       0.091  1072.028  1072.028  1072.028  1072.028  1072.028
      65  1072.041   0.041         0       3  1072.041  1072.111       0.070  1072.041  1072.041  1072.041
      66  1072.139   0.094         0       8  1072.013  1072.139       0.126  1072.139  1072.139  1072.139  1072.139  1072.139  1072.139  1072.139  1072.139
      67  1072.006   0.026         0       4  1071.975  1072.048       0.073  1072.006  1072.006  1072.006  1072.006
      68  1072.066   0.067         0       4  1071.979  1072.066       0.087  1072.066  1072.066  1072.066  1072.066
      69  1072.040   0.077         0      13  1071.920  1072.040       0.120  1072.040  1072.040  1072.040  1072.040  1072.040  1072.040  1072.040  1072.040  1072.040  1072.040  1072.040  1072.040  1072.040
      70  1071.950   0.022         0       7  1071.922  1071.985       0.063  1071.950  1071.950  1071.950  1071.950  1071.950  1071.950  1071.950
      71  1071.919   0.068         0       9  1071.873  1072.059       0.186  1071.919  1071.919  1071.919  1071.919  1071.919  1071.919  1071.919  1071.919  1071.919
      72  1071.891   0.095         0       3  1071.726  1071.897       0.171  1071.891  1071.891  1071.891
      73  1071.837   0.031         0       5  1071.794  1071.875       0.081  1071.837  1071.837  1071.837  1071.837  1071.837
      74  1071.984   0.145         0       7  1071.800  1071.984       0.184  1071.984  1071.984  1071.984  1071.984  1071.984  1071.984  1071.984
      75  1071.818   0.026         0       6  1071.767  1071.841       0.074  1071.818  1071.818  1071.818  1071.818  1071.818  1071.818
      76  1071.826   0.052         0       8  1071.750  1071.921       0.171  1071.826  1071.826  1071.826  1071.826  1071.826  1071.826  1071.826  1071.826
      77  1071.775   0.035         0       8  1071.702  1071.791       0.089  1071.775  1071.775  1071.775  1071.775  1071.775  1071.775  1071.775  1071.775
      78  1071.719   0.039         0       5  1071.719  1071.787       0.068  1071.719  1071.719  1071.719  1071.719  1071.719
      79  1071.821   0.097         0       4  1071.697  1071.821       0.124  1071.821  1071.821  1071.821  1071.821
      80  1071.692   0.030         0       9  1071.663  1071.767       0.104  1071.692  1071.692  1071.692  1071.692  1071.692  1071.692  1071.692  1071.692  1071.692
      81  1071.637   0.024         0       4  1071.637  1071.667       0.030  1071.637  1071.637  1071.637  1071.637
      82  1071.682   0.029         0       4  1071.627  1071.682       0.055  1071.682  1071.682  1071.682  1071.682
      83  1071.606   0.052         0       8  1071.606  1071.694       0.088  1071.606  1071.606  1071.606  1071.606  1071.606  1071.606  1071.606  1071.606
      84  1071.610   0.055         0      10  1071.537  1071.749       0.212  1071.610  1071.610  1071.610  1071.610  1071.610  1071.610  1071.610  1071.610  1071.610  1071.610
      85  1071.526   0.056         0       9  1071.525  1071.636       0.111  1071.526  1071.526  1071.526  1071.526  1071.526  1071.526  1071.526  1071.526  1071.526
      86  1071.557   0.018         0       8  1071.542  1071.598       0.056  1071.557  1071.557  1071.557  1071.557  1071.557  1071.557  1071.557  1071.557
      87  1071.589   0.052         0       5  1071.512  1071.589       0.077  1071.589  1071.589  1071.589  1071.589  1071.589
      88  1071.467   0.065         0      10  1071.452  1071.629       0.177  1071.467  1071.467  1071.467  1071.467  1071.467  1071.467  1071.467  1071.467  1071.467  1071.467
      89  1071.509   0.024         0       9  1071.462  1071.517       0.055  1071.509  1071.509  1071.509  1071.509  1071.509  1071.509  1071.509  1071.509  1071.509
      90  1071.564   0.075         0       6  1071.438  1071.615       0.177  1071.564  1071.564  1071.564  1071.564  1071.564  1071.564
      91  1071.435   0.014         0       7  1071.418  1071.455       0.037  1071.435  1071.435  1071.435  1071.435  1071.435  1071.435  1071.435
      92  1071.434   0.055         0       7  1071.308  1071.434       0.126  1071.434  1071.434  1071.434  1071.434  1071.434  1071.434  1071.434
      93  1071.407   0.043         0      15  1071.283  1071.465       0.182  1071.407  1071.407  1071.407  1071.407  1071.407  1071.407  1071.407  1071.407  1071.407  1071.407  1071.407  1071.407  1071.407  1071.407  1071.407
      94  1071.346   0.038         0       5  1071.346  1071.413       0.067  1071.346  1071.346  1071.346  1071.346  1071.346
      95  1071.378   0.039         0       6  1071.316  1071.378       0.062  1071.378  1071.378  1071.378  1071.378  1071.378  1071.378
      96  1071.323   0.024         0      14  1071.295  1071.375       0.080  1071.323  1071.323  1071.323  1071.323  1071.323  1071.323  1071.323  1071.323  1071.323  1071.323  1071.323  1071.323  1071.323  1071.323
      97  1071.298   0.034         0       7  1071.289  1071.370       0.081  1071.298  1071.298  1071.298  1071.298  1071.298  1071.298  1071.298
      98  1071.261   0.047         0       6  1071.261  1071.350       0.089  1071.261  1071.261  1071.261  1071.261  1071.261  1071.261
      99  1071.249   0.042         0       9  1071.217  1071.338       0.121  1071.249  1071.249  1071.249  1071.249  1071.249  1071.249  1071.249  1071.249  1071.249
     100  1071.219   0.037         0       7  1071.200  1071.313       0.113  1071.219  1071.219  1071.219  1071.219  1071.219  1071.219  1071.219
     101  1071.167   0.077         0       8  1071.167  1071.303       0.136  1071.167  1071.167  1071.167  1071.167  1071.167  1071.167  1071.167  1071.167
     102  1071.230   0.051         0       9  1071.173  1071.328       0.155  1071.230  1071.230  1071.230  1071.230  1071.230  1071.230  1071.230  1071.230  1071.230
     103  1071.193   0.005         0       2  1071.193  1071.200       0.007  1071.193  1071.193
     104  1071.169   0.048         0       6  1071.109  1071.242       0.133  1071.169  1071.169  1071.169  1071.169  1071.169  1071.169
     105  1071.134   0.064         0       9  1071.113  1071.299       0.186  1071.134  1071.134  1071.134  1071.134  1071.134  1071.134  1071.134  1071.134  1071.134
     106  1071.165   0.052         0       7  1071.074  1071.165       0.091  1071.165  1071.165  1071.165  1071.165  1071.165  1071.165  1071.165
     107  1071.215   0.105         0      11  1071.027  1071.260       0.233  1071.215  1071.215  1071.215  1071.215  1071.215  1071.215  1071.215  1071.215  1071.215  1071.215  1071.215
     108  1071.126   0.033         0       2  1071.080  1071.126       0.046  1071.126  1071.126
     109  1071.078   0.068         0      10  1071.058  1071.271       0.213  1071.078  1071.078  1071.078  1071.078  1071.078  1071.078  1071.078  1071.078  1071.078  1071.078
     110  1071.082   0.028         0       7  1071.036  1071.084       0.048  1071.082  1071.082  1071.082  1071.082  1071.082  1071.082  1071.082
     111  1071.038   0.024         0       5  1071.025  1071.085       0.060  1071.038  1071.038  1071.038  1071.038  1071.038
     112  1071.108   0.066         0       6  1071.014  1071.108       0.094  1071.108  1071.108  1071.108  1071.108  1071.108  1071.108
     113  1070.993   0.038         0       6  1070.989  1071.081       0.092  1070.993  1070.993  1070.993  1070.993  1070.993  1070.993
     114  1071.045   0.058         0       7  1070.965  1071.045       0.080  1071.045  1071.045  1071.045  1071.045  1071.045  1071.045  1071.045
     115  1071.016   0.101         0       4  1070.819  1071.016       0.197  1071.016  1071.016  1071.016  1071.016
     116  1070.940   0.040         0      11  1070.920  1071.019       0.099  1070.940  1070.940  1070.940  1070.940  1070.940  1070.940  1070.940  1070.940  1070.940  1070.940  1070.940
     117  1070.915   0.062         0       7  1070.915  1071.070       0.155  1070.915  1070.915  1070.915  1070.915  1070.915  1070.915  1070.915
     118  1071.004   0.097         0       4  1070.867  1071.004       0.137  1071.004  1071.004  1071.004  1071.004
     119  1070.882   0.045         0       9  1070.881  1070.976       0.095  1070.882  1070.882  1070.882  1070.882  1070.882  1070.882  1070.882  1070.882  1070.882
     120  1070.930   0.048         0       4  1070.877  1071.009       0.132  1070.930  1070.930  1070.930  1070.930
     121  1070.879   0.035         0      11  1070.832  1070.954       0.122  1070.879  1070.879  1070.879  1070.879  1070.879  1070.879  1070.879  1070.879  1070.879  1070.879  1070.879
     122  1070.864   0.027         0       9  1070.823  1070.918       0.095  1070.864  1070.864  1070.864  1070.864  1070.864  1070.864  1070.864  1070.864  1070.864
     123  1070.860   0.043         0       6  1070.792  1070.907       0.115  1070.860  1070.860  1070.860  1070.860  1070.860  1070.860
     124  1070.883   0.064         0       8  1070.799  1070.883       0.084  1070.883  1070.883  1070.883  1070.883  1070.883  1070.883  1070.883  1070.883
     125  1070.783   0.057         0      10  1070.743  1070.909       0.166  1070.783  1070.783  1070.783  1070.783  1070.783  1070.783  1070.783  1070.783  1070.783  1070.783
     126  1070.803   0.025         0       4  1070.759  1070.803       0.044  1070.803  1070.803  1070.803  1070.803
     127  1070.781   0.040         0       7  1070.753  1070.873       0.120  1070.781  1070.781  1070.781  1070.781  1070.781  1070.781  1070.781
     128  1070.868   0.135         0       7  1070.595  1070.868       0.273  1070.868  1070.868  1070.868  1070.868  1070.868  1070.868  1070.868
     129  1070.735   0.025         0       7  1070.733  1070.775       0.042  1070.735  1070.735  1070.735  1070.735  1070.735  1070.735  1070.735
     130  1070.711   0.068         0      11  1070.700  1070.863       0.163  1070.711  1070.711  1070.711  1070.711  1070.711  1070.711  1070.711  1070.711  1070.711  1070.711  1070.711
     131  1070.756   0.037         0       7  1070.695  1070.761       0.066  1070.756  1070.756  1070.756  1070.756  1070.756  1070.756  1070.756
     132  1070.683   0.057         0       6  1070.676  1070.810       0.134  1070.683  1070.683  1070.683  1070.683  1070.683  1070.683
     133  *** There are no enought points: 1
     134  1070.700   0.050         0       9  1070.589  1070.758       0.169  1070.700  1070.700  1070.700  1070.700  1070.700  1070.700  1070.700  1070.700  1070.700
     135  1070.635   0.052         0       3  1070.635  1070.717       0.082  1070.635  1070.635  1070.635
     136  1070.624   0.027         0       3  1070.624  1070.668       0.044  1070.624  1070.624  1070.624
     137  1070.772   0.086         0       4  1070.631  1070.772       0.141  1070.772  1070.772  1070.772  1070.772
     138  1070.701   0.078         0       5  1070.596  1070.701       0.105  1070.701  1070.701  1070.701  1070.701  1070.701
     139  1070.646   0.027         0      10  1070.602  1070.668       0.066  1070.646  1070.646  1070.646  1070.646  1070.646  1070.646  1070.646  1070.646  1070.646  1070.646
     140  1070.612   0.030         0      12  1070.555  1070.635       0.080  1070.612  1070.612  1070.612  1070.612  1070.612  1070.612  1070.612  1070.612  1070.612  1070.612  1070.612  1070.612
     141  1070.547   0.069         0       4  1070.547  1070.640       0.093  1070.547  1070.547  1070.547  1070.547
     142  1070.573   0.017         0       5  1070.570  1070.600       0.030  1070.573  1070.573  1070.573  1070.573  1070.573
     143  1070.571   0.033         0      11  1070.519  1070.632       0.113  1070.571  1070.571  1070.571  1070.571  1070.571  1070.571  1070.571  1070.571  1070.571  1070.571  1070.571
     144  *** There are no enought points: 1
     145  1070.529   0.040         0       3  1070.469  1070.564       0.095  1070.529  1070.529  1070.529
     146  1070.524   0.012         0       6  1070.498  1070.534       0.036  1070.524  1070.524  1070.524  1070.524  1070.524  1070.524
     147  1070.527   0.047         0      14  1070.491  1070.633       0.142  1070.527  1070.527  1070.527  1070.527  1070.527  1070.527  1070.527  1070.527  1070.527  1070.527  1070.527  1070.527  1070.527  1070.527
     148  1070.506   0.022         0       3  1070.476  1070.529       0.053  1070.506  1070.506  1070.506
     149  1070.522   0.038         0       6  1070.463  1070.578       0.115  1070.522  1070.522  1070.522  1070.522  1070.522  1070.522
     150  *** There are no enought points: 0
     151  1070.466   0.053         0       5  1070.466  1070.574       0.108  1070.466  1070.466  1070.466  1070.466  1070.466
     152  *** There are no enought points: 1
     153  1070.519   0.025         0       3  1070.519  1070.551       0.032  1070.519  1070.519  1070.519
     154  *** There are no enought points: 1
     155  1070.641   0.151         0       4  1070.417  1070.641       0.224  1070.641  1070.641  1070.641  1070.641
- Step 3: catenary estimation
  Catenary     Std   Max.Error   Length.2d   S.Initial  S.Computed   Max.Sag  Distance
         0   0.503       0.831      77.500      77.643      77.643     1.350    38.700
         1   0.560       0.897      76.500      76.649      76.649     1.333    38.200
         2   0.589       0.930      75.500      75.652      75.652     1.316    37.700
         3   0.569       0.909      74.500      74.650      74.650     1.299    37.200
         4   0.580       0.921      74.000      74.151      74.151     1.290    37.000
         5   0.498       0.826      77.000      77.142      77.142     1.342    38.500
         6   0.555       0.890      76.000      76.148      76.148     1.325    38.000
         7   0.584       0.923      75.000      75.151      75.151     1.307    37.500
         8   0.564       0.903      74.000      74.149      74.149     1.290    37.000
         9   0.575       0.915      73.500      73.650      73.650     1.281    36.700
        10   0.455       0.777      76.500      76.645      76.645     1.333    38.200
        11   0.513       0.842      75.500      75.651      75.651     1.316    37.700
        12   0.543       0.875      74.500      74.654      74.654     1.299    37.200
        13   0.523       0.856      73.500      73.651      73.651     1.281    36.700
        14   0.534       0.868      73.000      73.152      73.152     1.273    36.500
        15   0.481       0.806      76.000      76.140      76.140     1.324    38.000
        16   0.538       0.870      75.000      75.146      75.146     1.307    37.500
        17   0.568       0.903      74.000      74.149      74.149     1.290    37.000
        18   0.547       0.884      73.000      73.147      73.147     1.273    36.500
        19   0.558       0.895      72.500      72.648      72.648     1.264    36.200
        20   0.488       0.813      75.500      75.638      75.638     1.315    37.700
        21   0.544       0.877      74.500      74.644      74.644     1.298    37.200
        22   0.573       0.909      73.500      73.647      73.647     1.281    36.700
        23   0.553       0.890      72.500      72.644      72.644     1.264    36.200
        24   0.564       0.901      72.000      72.145      72.145     1.255    36.000
   Point  Altitude  Diff.Cat-0  Diff.Cat-1  Diff.Cat-2  Diff.Cat-3  Diff.Cat-4  Diff.Cat-5  Diff.Cat-6  Diff.Cat-7  Diff.Cat-8  Diff.Cat-9 Diff.Cat-10 Diff.Cat-11 Diff.Cat-12 Diff.Cat-13 Diff.Cat-14 Diff.Cat-15 Diff.Cat-16 Diff.Cat-17 Diff.Cat-18 Diff.Cat-19 Diff.Cat-20 Diff.Cat-21 Diff.Cat-22 Diff.Cat-23 Diff.Cat-24
       0  1074.190       0.000      -0.000       0.000       0.000       0.000        ----        ----        ----        ----        ----        ----        ----        ----        ----        ----        ----        ----        ----        ----        ----        ----        ----        ----        ----        ----
       1  1074.160       0.027       0.029       0.029       0.029       0.029      -0.000       0.000       0.000       0.000      -0.000        ----        ----        ----        ----        ----        ----        ----        ----        ----        ----        ----        ----        ----        ----        ----
       2  1074.211       0.135       0.138       0.139       0.139       0.139       0.108       0.110       0.110       0.110       0.110      -0.000      -0.000      -0.000       0.000       0.000        ----        ----        ----        ----        ----        ----        ----        ----        ----        ----
       3  1074.114       0.095       0.098       0.100       0.100       0.101       0.068       0.071       0.072       0.072       0.072      -0.039      -0.038      -0.037      -0.037      -0.037      -0.000       0.000      -0.000      -0.000      -0.000        ----        ----        ----        ----        ----
       4  1074.060       0.097       0.101       0.104       0.104       0.105       0.071       0.074       0.076       0.076       0.077      -0.036      -0.033      -0.032      -0.032      -0.032       0.003       0.005       0.005       0.005       0.005      -0.000      -0.000       0.000      -0.000      -0.000
       5  1074.055       0.148       0.153       0.156       0.156       0.157       0.122       0.126       0.129       0.129       0.130       0.016       0.020       0.022       0.022       0.022       0.055       0.058       0.059       0.059       0.059       0.052       0.053       0.054       0.054       0.054
       6  1073.958       0.106       0.112       0.116       0.116       0.118       0.080       0.086       0.089       0.089       0.090      -0.024      -0.020      -0.017      -0.017      -0.016       0.015       0.018       0.020       0.020       0.021       0.012       0.014       0.016       0.015       0.016
       7  1073.921       0.124       0.131       0.136       0.135       0.137       0.099       0.105       0.109       0.109       0.110      -0.005       0.000       0.004       0.003       0.005       0.034       0.038       0.041       0.041       0.042       0.031       0.035       0.037       0.036       0.037
       8  1073.900       0.157       0.166       0.171       0.170       0.172       0.132       0.140       0.145       0.144       0.146       0.029       0.036       0.040       0.040       0.041       0.068       0.074       0.077       0.077       0.078       0.066       0.070       0.073       0.073       0.074
       9  1073.871       0.182       0.191       0.197       0.197       0.199       0.158       0.166       0.171       0.171       0.173       0.056       0.063       0.068       0.068       0.069       0.094       0.101       0.105       0.105       0.106       0.092       0.098       0.101       0.101       0.102
      10  1073.833       0.197       0.208       0.214       0.214       0.216       0.173       0.183       0.189       0.188       0.191       0.072       0.081       0.086       0.086       0.088       0.111       0.119       0.123       0.123       0.125       0.109       0.116       0.120       0.119       0.121
      11  1073.627       0.044       0.056       0.063       0.062       0.065       0.021       0.031       0.038       0.037       0.040      -0.079      -0.070      -0.064      -0.064      -0.062      -0.041      -0.032      -0.027      -0.027      -0.025      -0.042      -0.035      -0.030      -0.031      -0.029
      12  1073.744       0.214       0.226       0.234       0.233       0.236       0.190       0.202       0.209       0.209       0.211       0.091       0.102       0.109       0.108       0.111       0.130       0.140       0.146       0.145       0.148       0.129       0.137       0.143       0.142       0.144
      13  1073.723       0.245       0.259       0.267       0.266       0.269       0.222       0.235       0.242       0.241       0.245       0.124       0.136       0.143       0.142       0.145       0.162       0.173       0.180       0.179       0.182       0.161       0.171       0.177       0.176       0.179
      14  1073.689       0.262       0.277       0.286       0.285       0.288       0.240       0.254       0.262       0.261       0.264       0.142       0.156       0.163       0.162       0.166       0.181       0.193       0.200       0.199       0.202       0.180       0.191       0.198       0.197       0.199
      15  1073.644       0.268       0.284       0.294       0.292       0.296       0.246       0.261       0.270       0.269       0.272       0.150       0.164       0.172       0.171       0.175       0.188       0.202       0.209       0.208       0.211       0.188       0.200       0.207       0.206       0.209
      16  1073.568       0.243       0.260       0.270       0.268       0.272       0.221       0.237       0.247       0.245       0.249       0.126       0.141       0.150       0.149       0.152       0.164       0.178       0.187       0.186       0.189       0.164       0.177       0.185       0.184       0.187
      17  1073.591       0.316       0.334       0.345       0.343       0.347       0.295       0.312       0.322       0.321       0.324       0.200       0.216       0.226       0.225       0.229       0.239       0.254       0.263       0.262       0.265       0.238       0.253       0.261       0.260       0.263
      18  1073.518       0.293       0.312       0.323       0.321       0.326       0.272       0.290       0.301       0.299       0.303       0.178       0.196       0.206       0.204       0.208       0.217       0.233       0.242       0.241       0.245       0.217       0.232       0.241       0.239       0.243
      19  1073.527       0.352       0.371       0.383       0.381       0.386       0.331       0.350       0.361       0.359       0.364       0.238       0.256       0.267       0.265       0.270       0.276       0.293       0.304       0.302       0.306       0.276       0.293       0.302       0.301       0.304
      20  1073.459       0.332       0.353       0.366       0.363       0.368       0.312       0.332       0.344       0.342       0.347       0.220       0.239       0.251       0.249       0.253       0.258       0.277       0.287       0.286       0.290       0.259       0.276       0.286       0.284       0.288
      21  1073.419       0.341       0.363       0.375       0.373       0.378       0.321       0.342       0.354       0.352       0.357       0.230       0.250       0.262       0.260       0.265       0.268       0.287       0.298       0.297       0.301       0.268       0.287       0.297       0.296       0.300
      22  1073.372       0.342       0.365       0.378       0.376       0.381       0.322       0.344       0.357       0.355       0.360       0.232       0.253       0.266       0.264       0.269       0.270       0.290       0.302       0.300       0.305       0.271       0.290       0.301       0.299       0.304
      23  1073.362       0.379       0.403       0.417       0.414       0.420       0.360       0.383       0.396       0.394       0.399       0.271       0.293       0.306       0.304       0.309       0.309       0.330       0.342       0.340       0.345       0.310       0.330       0.342       0.340       0.344
      24  1073.365       0.430       0.454       0.469       0.466       0.471       0.411       0.435       0.448       0.446       0.451       0.322       0.345       0.359       0.356       0.362       0.360       0.382       0.395       0.393       0.398       0.361       0.382       0.395       0.392       0.397
      25  1073.294       0.405       0.431       0.446       0.443       0.449       0.387       0.411       0.426       0.423       0.429       0.299       0.323       0.337       0.335       0.340       0.337       0.360       0.373       0.371       0.376       0.338       0.360       0.373       0.371       0.376
      26  1073.259       0.416       0.443       0.458       0.455       0.461       0.398       0.424       0.439       0.436       0.442       0.311       0.337       0.351       0.348       0.354       0.349       0.373       0.387       0.384       0.390       0.350       0.374       0.387       0.385       0.390
      27  1073.289       0.492       0.520       0.536       0.532       0.538       0.474       0.501       0.517       0.513       0.519       0.388       0.414       0.430       0.427       0.433       0.426       0.451       0.466       0.463       0.468       0.427       0.452       0.466       0.463       0.469
      28  1073.166       0.414       0.443       0.459       0.456       0.462       0.397       0.425       0.441       0.437       0.443       0.312       0.339       0.355       0.351       0.358       0.349       0.375       0.391       0.387       0.393       0.351       0.376       0.391       0.388       0.394
      29  1073.135       0.428       0.458       0.475       0.471       0.477       0.411       0.440       0.456       0.452       0.459       0.327       0.355       0.371       0.368       0.374       0.364       0.391       0.407       0.404       0.410       0.366       0.392       0.408       0.404       0.410
      30  1073.160       0.498       0.528       0.546       0.541       0.548       0.481       0.510       0.527       0.523       0.530       0.397       0.426       0.443       0.440       0.446       0.435       0.463       0.479       0.475       0.482       0.437       0.464       0.480       0.476       0.482
      31  1073.089       0.471       0.502       0.520       0.515       0.523       0.454       0.485       0.502       0.498       0.505       0.372       0.401       0.419       0.415       0.422       0.409       0.438       0.454       0.451       0.457       0.411       0.439       0.455       0.452       0.458
      32  1073.120       0.545       0.577       0.596       0.591       0.598       0.529       0.560       0.578       0.574       0.581       0.447       0.478       0.496       0.492       0.499       0.484       0.514       0.531       0.527       0.534       0.487       0.516       0.533       0.529       0.535
      33  1073.025       0.493       0.526       0.545       0.540       0.548       0.477       0.510       0.528       0.523       0.531       0.396       0.428       0.447       0.442       0.449       0.433       0.464       0.482       0.478       0.485       0.436       0.466       0.483       0.479       0.486
      34  1073.045       0.556       0.590       0.609       0.604       0.612       0.540       0.573       0.592       0.587       0.595       0.460       0.493       0.512       0.507       0.515       0.497       0.529       0.547       0.542       0.550       0.500       0.531       0.548       0.544       0.551
      35  1072.960       0.513       0.548       0.568       0.562       0.570       0.498       0.532       0.551       0.546       0.554       0.418       0.452       0.471       0.467       0.474       0.455       0.488       0.507       0.502       0.509       0.458       0.490       0.508       0.504       0.511
      36  1072.986       0.581       0.617       0.637       0.631       0.639       0.566       0.601       0.621       0.615       0.623       0.487       0.522       0.542       0.537       0.544       0.524       0.558       0.577       0.572       0.579       0.527       0.560       0.579       0.574       0.581
      37  1072.903       0.539       0.576       0.596       0.590       0.598       0.524       0.560       0.581       0.575       0.583       0.447       0.482       0.502       0.497       0.505       0.483       0.518       0.537       0.532       0.540       0.486       0.520       0.539       0.534       0.542
      38  1072.866       0.543       0.580       0.602       0.595       0.603       0.528       0.565       0.586       0.580       0.588       0.452       0.488       0.509       0.503       0.511       0.488       0.523       0.544       0.538       0.546       0.491       0.526       0.546       0.540       0.548
      39  1072.826       0.543       0.582       0.603       0.597       0.605       0.529       0.567       0.588       0.582       0.590       0.453       0.490       0.512       0.506       0.514       0.489       0.526       0.546       0.540       0.548       0.493       0.528       0.549       0.543       0.551
      40  1072.779       0.536       0.575       0.597       0.591       0.599       0.522       0.561       0.582       0.576       0.584       0.447       0.485       0.507       0.501       0.509       0.483       0.520       0.541       0.535       0.543       0.487       0.523       0.544       0.538       0.546
      41  1072.744       0.541       0.581       0.603       0.596       0.605       0.527       0.566       0.589       0.582       0.590       0.453       0.492       0.514       0.508       0.516       0.489       0.527       0.548       0.542       0.550       0.492       0.530       0.551       0.545       0.553
      42  1072.764       0.600       0.641       0.663       0.656       0.665       0.586       0.627       0.649       0.642       0.651       0.513       0.553       0.575       0.569       0.577       0.549       0.588       0.610       0.603       0.611       0.553       0.591       0.612       0.606       0.614
      43  1072.825       0.699       0.741       0.764       0.757       0.766       0.686       0.727       0.750       0.743       0.752       0.614       0.654       0.677       0.670       0.679       0.649       0.689       0.711       0.704       0.713       0.653       0.692       0.714       0.707       0.716
      44  1072.621       0.533       0.576       0.600       0.592       0.601       0.520       0.563       0.586       0.578       0.587       0.449       0.490       0.514       0.507       0.516       0.484       0.525       0.548       0.540       0.549       0.488       0.528       0.551       0.544       0.552
      45  1072.636       0.586       0.629       0.654       0.645       0.654       0.573       0.616       0.640       0.632       0.641       0.502       0.545       0.569       0.561       0.570       0.538       0.579       0.603       0.595       0.604       0.542       0.583       0.606       0.598       0.607
      46  1072.599       0.586       0.631       0.655       0.646       0.656       0.574       0.618       0.642       0.633       0.643       0.504       0.547       0.571       0.564       0.573       0.539       0.581       0.605       0.597       0.606       0.543       0.585       0.608       0.601       0.609
      47  1072.570       0.594       0.639       0.664       0.655       0.664       0.582       0.627       0.651       0.642       0.652       0.513       0.557       0.581       0.573       0.583       0.548       0.591       0.615       0.607       0.616       0.552       0.595       0.619       0.610       0.619
      48  1072.543       0.603       0.649       0.675       0.665       0.675       0.592       0.637       0.662       0.653       0.662       0.523       0.568       0.593       0.585       0.594       0.558       0.602       0.626       0.618       0.627       0.563       0.606       0.630       0.622       0.631
      49  1072.565       0.661       0.708       0.734       0.724       0.734       0.650       0.696       0.721       0.712       0.721       0.582       0.628       0.653       0.644       0.654       0.617       0.662       0.686       0.678       0.687       0.621       0.666       0.690       0.681       0.691
      50  1072.485       0.617       0.664       0.690       0.680       0.690       0.605       0.652       0.678       0.668       0.678       0.538       0.585       0.611       0.602       0.612       0.573       0.619       0.644       0.635       0.644       0.578       0.623       0.648       0.639       0.648
      51  1072.499       0.666       0.714       0.740       0.730       0.740       0.655       0.702       0.729       0.718       0.728       0.588       0.636       0.662       0.653       0.663       0.623       0.670       0.695       0.685       0.695       0.628       0.674       0.699       0.690       0.699
      52  1072.435       0.636       0.685       0.712       0.701       0.711       0.625       0.674       0.701       0.690       0.700       0.560       0.608       0.635       0.625       0.635       0.594       0.642       0.668       0.658       0.667       0.599       0.646       0.672       0.662       0.672
      53  1072.467       0.702       0.752       0.779       0.768       0.778       0.692       0.741       0.768       0.757       0.767       0.627       0.676       0.703       0.693       0.703       0.661       0.710       0.736       0.725       0.735       0.666       0.714       0.740       0.730       0.740
      54  1072.350       0.619       0.670       0.697       0.686       0.696       0.609       0.659       0.686       0.675       0.685       0.545       0.595       0.622       0.612       0.622       0.579       0.628       0.654       0.644       0.654       0.584       0.633       0.659       0.648       0.658
      55  1072.331       0.633       0.685       0.712       0.700       0.711       0.623       0.674       0.702       0.690       0.700       0.560       0.611       0.639       0.628       0.638       0.594       0.644       0.671       0.660       0.670       0.599       0.648       0.675       0.664       0.674
      56  1072.325       0.660       0.712       0.740       0.728       0.738       0.650       0.702       0.730       0.718       0.728       0.588       0.639       0.667       0.656       0.667       0.621       0.672       0.699       0.688       0.698       0.627       0.677       0.704       0.693       0.703
      57  1072.278       0.645       0.698       0.727       0.714       0.724       0.636       0.688       0.716       0.704       0.714       0.574       0.627       0.655       0.643       0.654       0.607       0.659       0.687       0.675       0.685       0.613       0.664       0.691       0.680       0.690
      58  1072.268       0.667       0.721       0.749       0.736       0.747       0.658       0.711       0.740       0.727       0.737       0.597       0.650       0.679       0.667       0.677       0.630       0.682       0.710       0.698       0.709       0.636       0.687       0.715       0.703       0.713
      59  1072.268       0.698       0.753       0.782       0.768       0.779       0.689       0.743       0.772       0.759       0.770       0.629       0.683       0.712       0.700       0.711       0.662       0.715       0.744       0.731       0.742       0.668       0.721       0.749       0.736       0.746
      60  1072.201       0.662       0.718       0.747       0.733       0.744       0.653       0.708       0.737       0.724       0.735       0.594       0.649       0.678       0.665       0.676       0.627       0.681       0.710       0.696       0.707       0.633       0.686       0.715       0.702       0.712
      61  1072.172       0.664       0.720       0.749       0.735       0.746       0.655       0.711       0.740       0.726       0.737       0.597       0.652       0.682       0.669       0.680       0.629       0.684       0.713       0.699       0.710       0.635       0.689       0.718       0.705       0.715
      62  1072.134       0.656       0.713       0.743       0.728       0.739       0.647       0.704       0.734       0.719       0.730       0.590       0.646       0.676       0.662       0.673       0.622       0.677       0.707       0.693       0.704       0.628       0.683       0.712       0.698       0.709
      63  1072.140       0.691       0.749       0.779       0.764       0.775       0.683       0.740       0.770       0.756       0.767       0.626       0.683       0.714       0.700       0.711       0.658       0.715       0.744       0.730       0.741       0.665       0.720       0.750       0.735       0.746
      64  1072.028       0.609       0.667       0.697       0.682       0.693       0.601       0.658       0.689       0.674       0.685       0.545       0.602       0.633       0.618       0.630       0.576       0.633       0.663       0.648       0.659       0.583       0.639       0.669       0.654       0.665
      65  1072.041       0.650       0.709       0.740       0.724       0.735       0.643       0.701       0.732       0.716       0.727       0.587       0.646       0.677       0.662       0.673       0.619       0.676       0.707       0.691       0.703       0.625       0.682       0.712       0.697       0.708
      66  1072.139       0.776       0.836       0.867       0.851       0.862       0.769       0.828       0.859       0.843       0.854       0.714       0.774       0.805       0.789       0.801       0.746       0.804       0.835       0.819       0.830       0.752       0.810       0.840       0.825       0.836
      67  1072.006       0.671       0.732       0.763       0.746       0.757       0.664       0.724       0.755       0.739       0.750       0.610       0.670       0.702       0.686       0.697       0.641       0.700       0.731       0.715       0.726       0.648       0.706       0.737       0.721       0.732
      68  1072.066       0.759       0.820       0.851       0.834       0.845       0.752       0.812       0.844       0.827       0.838       0.698       0.759       0.791       0.775       0.786       0.729       0.789       0.820       0.804       0.815       0.736       0.795       0.826       0.809       0.821
      69  1072.040       0.760       0.821       0.853       0.835       0.847       0.753       0.814       0.846       0.828       0.840       0.700       0.762       0.794       0.777       0.788       0.731       0.792       0.823       0.806       0.817       0.738       0.798       0.829       0.812       0.823
      70  1071.950       0.696       0.759       0.791       0.772       0.784       0.689       0.752       0.783       0.765       0.777       0.638       0.700       0.732       0.715       0.726       0.668       0.730       0.761       0.744       0.755       0.675       0.736       0.767       0.749       0.761
      71  1071.919       0.691       0.754       0.787       0.768       0.779       0.685       0.747       0.780       0.761       0.773       0.634       0.697       0.729       0.711       0.723       0.664       0.726       0.758       0.740       0.751       0.671       0.732       0.764       0.746       0.757
      72  1071.891       0.689       0.752       0.785       0.766       0.777       0.682       0.746       0.778       0.759       0.771       0.632       0.696       0.729       0.710       0.722       0.662       0.725       0.757       0.739       0.750       0.669       0.731       0.763       0.744       0.756
      73  1071.837       0.660       0.724       0.757       0.737       0.749       0.654       0.718       0.751       0.731       0.743       0.604       0.668       0.701       0.683       0.695       0.634       0.697       0.730       0.711       0.722       0.641       0.704       0.736       0.717       0.728
      74  1071.984       0.831       0.897       0.930       0.909       0.921       0.826       0.890       0.923       0.903       0.915       0.777       0.842       0.875       0.856       0.868       0.806       0.870       0.903       0.884       0.895       0.813       0.877       0.909       0.890       0.901
      75  1071.818       0.690       0.755       0.789       0.768       0.780       0.684       0.749       0.783       0.762       0.774       0.636       0.702       0.735       0.715       0.727       0.665       0.730       0.763       0.743       0.755       0.672       0.736       0.769       0.749       0.760
      76  1071.826       0.721       0.788       0.821       0.800       0.812       0.716       0.782       0.815       0.794       0.806       0.669       0.735       0.769       0.748       0.760       0.698       0.763       0.796       0.776       0.787       0.704       0.769       0.802       0.782       0.793
      77  1071.775       0.694       0.761       0.795       0.773       0.785       0.688       0.755       0.789       0.767       0.779       0.642       0.709       0.743       0.722       0.734       0.671       0.737       0.770       0.749       0.761       0.677       0.743       0.776       0.755       0.767
      78  1071.719       0.661       0.728       0.762       0.740       0.752       0.655       0.723       0.757       0.735       0.746       0.610       0.677       0.711       0.690       0.702       0.638       0.705       0.738       0.717       0.729       0.645       0.711       0.745       0.723       0.735
      79  1071.821       0.785       0.853       0.888       0.865       0.877       0.780       0.848       0.882       0.860       0.871       0.735       0.803       0.838       0.816       0.828       0.763       0.831       0.864       0.842       0.854       0.770       0.837       0.871       0.848       0.860
      80  1071.692       0.678       0.747       0.781       0.758       0.770       0.673       0.742       0.776       0.753       0.765       0.629       0.698       0.732       0.710       0.722       0.657       0.725       0.759       0.736       0.748       0.664       0.731       0.765       0.742       0.754
      81  1071.637       0.645       0.714       0.749       0.725       0.737       0.640       0.709       0.744       0.720       0.732       0.596       0.666       0.701       0.678       0.690       0.624       0.693       0.727       0.704       0.716       0.631       0.699       0.733       0.710       0.722
      82  1071.682       0.711       0.781       0.816       0.791       0.803       0.706       0.776       0.811       0.787       0.798       0.663       0.733       0.768       0.745       0.757       0.691       0.760       0.794       0.771       0.783       0.698       0.766       0.801       0.777       0.789
      83  1071.606       0.655       0.726       0.761       0.736       0.748       0.651       0.722       0.756       0.732       0.743       0.609       0.679       0.715       0.691       0.703       0.636       0.706       0.740       0.716       0.728       0.643       0.712       0.747       0.722       0.734
      84  1071.610       0.679       0.751       0.786       0.760       0.772       0.675       0.747       0.782       0.756       0.768       0.634       0.705       0.740       0.716       0.728       0.661       0.731       0.766       0.741       0.753       0.668       0.738       0.772       0.747       0.759
      85  1071.526       0.615       0.687       0.722       0.696       0.708       0.611       0.683       0.718       0.692       0.704       0.570       0.642       0.678       0.653       0.665       0.597       0.668       0.703       0.678       0.690       0.604       0.675       0.709       0.684       0.696
      86  1071.557       0.665       0.738       0.774       0.747       0.759       0.662       0.734       0.769       0.743       0.755       0.621       0.694       0.730       0.704       0.716       0.648       0.720       0.755       0.729       0.741       0.655       0.726       0.761       0.735       0.747
      87  1071.589       0.716       0.790       0.825       0.798       0.810       0.713       0.786       0.821       0.794       0.806       0.673       0.746       0.782       0.756       0.768       0.699       0.772       0.807       0.780       0.792       0.706       0.778       0.813       0.787       0.798
      88  1071.467       0.613       0.687       0.722       0.694       0.706       0.609       0.683       0.718       0.691       0.703       0.570       0.644       0.680       0.653       0.666       0.596       0.669       0.705       0.677       0.689       0.603       0.676       0.711       0.684       0.696
      89  1071.509       0.673       0.747       0.783       0.754       0.766       0.669       0.744       0.779       0.751       0.763       0.631       0.706       0.742       0.714       0.727       0.657       0.730       0.766       0.738       0.750       0.664       0.737       0.772       0.744       0.756
      90  1071.564       0.745       0.820       0.856       0.827       0.839       0.742       0.817       0.853       0.824       0.836       0.704       0.780       0.816       0.788       0.800       0.730       0.804       0.840       0.811       0.823       0.737       0.810       0.846       0.818       0.829
      91  1071.435       0.633       0.709       0.745       0.715       0.727       0.630       0.706       0.741       0.712       0.724       0.593       0.669       0.705       0.677       0.689       0.618       0.693       0.729       0.700       0.712       0.625       0.700       0.735       0.706       0.718
      92  1071.434       0.649       0.725       0.761       0.731       0.743       0.646       0.722       0.758       0.728       0.740       0.610       0.686       0.723       0.693       0.706       0.634       0.710       0.746       0.716       0.728       0.641       0.716       0.752       0.722       0.734
      93  1071.407       0.638       0.715       0.751       0.720       0.732       0.635       0.712       0.748       0.717       0.729       0.600       0.676       0.713       0.683       0.696       0.624       0.700       0.736       0.706       0.718       0.631       0.707       0.742       0.712       0.724
      94  1071.346       0.593       0.670       0.706       0.675       0.687       0.590       0.667       0.703       0.672       0.684       0.555       0.633       0.669       0.639       0.651       0.579       0.656       0.692       0.661       0.673       0.586       0.662       0.698       0.667       0.679
      95  1071.378       0.640       0.718       0.754       0.722       0.734       0.638       0.715       0.751       0.719       0.731       0.603       0.681       0.718       0.687       0.699       0.627       0.704       0.740       0.709       0.721       0.634       0.711       0.747       0.715       0.727
      96  1071.323       0.600       0.678       0.715       0.682       0.694       0.597       0.676       0.712       0.679       0.691       0.564       0.642       0.679       0.648       0.660       0.587       0.665       0.701       0.669       0.681       0.594       0.671       0.708       0.675       0.687
      97  1071.298       0.589       0.668       0.705       0.671       0.683       0.587       0.666       0.702       0.669       0.681       0.554       0.633       0.670       0.638       0.650       0.577       0.655       0.692       0.659       0.671       0.584       0.662       0.698       0.665       0.677
      98  1071.261       0.566       0.646       0.682       0.648       0.660       0.564       0.643       0.680       0.646       0.658       0.532       0.611       0.649       0.616       0.628       0.554       0.633       0.670       0.636       0.648       0.561       0.640       0.676       0.643       0.654
      99  1071.249       0.568       0.648       0.684       0.650       0.661       0.566       0.645       0.682       0.647       0.659       0.534       0.614       0.651       0.618       0.630       0.556       0.636       0.672       0.638       0.650       0.563       0.642       0.679       0.644       0.656
     100  1071.219       0.551       0.631       0.668       0.633       0.644       0.549       0.629       0.666       0.631       0.642       0.518       0.598       0.636       0.601       0.614       0.540       0.620       0.656       0.622       0.633       0.547       0.626       0.663       0.628       0.639
     101  1071.167       0.511       0.592       0.629       0.593       0.605       0.509       0.590       0.627       0.591       0.603       0.479       0.560       0.598       0.563       0.575       0.501       0.581       0.618       0.583       0.594       0.508       0.588       0.624       0.589       0.600
     102  1071.230       0.586       0.668       0.705       0.668       0.680       0.585       0.666       0.703       0.666       0.678       0.555       0.637       0.674       0.639       0.651       0.576       0.657       0.694       0.658       0.670       0.583       0.664       0.700       0.664       0.676
     103  1071.193       0.561       0.643       0.680       0.643       0.654       0.559       0.641       0.678       0.641       0.652       0.530       0.613       0.650       0.614       0.626       0.552       0.633       0.670       0.633       0.645       0.558       0.639       0.676       0.639       0.651
     104  1071.169       0.548       0.631       0.668       0.630       0.641       0.547       0.629       0.666       0.628       0.640       0.518       0.601       0.639       0.602       0.614       0.539       0.621       0.658       0.621       0.632       0.546       0.627       0.664       0.626       0.638
     105  1071.134       0.524       0.607       0.644       0.605       0.617       0.523       0.605       0.642       0.604       0.615       0.495       0.578       0.616       0.578       0.590       0.515       0.598       0.635       0.597       0.608       0.522       0.604       0.641       0.602       0.614
     106  1071.165       0.565       0.649       0.686       0.646       0.658       0.564       0.647       0.684       0.645       0.657       0.537       0.621       0.658       0.620       0.632       0.557       0.640       0.677       0.638       0.650       0.564       0.646       0.683       0.644       0.655
     107  1071.215       0.625       0.709       0.746       0.706       0.718       0.624       0.708       0.745       0.705       0.716       0.598       0.682       0.720       0.680       0.692       0.617       0.701       0.738       0.698       0.710       0.624       0.707       0.744       0.704       0.715
     108  1071.126       0.546       0.630       0.667       0.626       0.638       0.545       0.629       0.666       0.625       0.637       0.519       0.603       0.641       0.601       0.613       0.538       0.622       0.659       0.619       0.630       0.545       0.628       0.665       0.625       0.636
     109  1071.078       0.507       0.592       0.629       0.587       0.598       0.506       0.590       0.628       0.586       0.597       0.480       0.566       0.603       0.563       0.575       0.500       0.584       0.621       0.580       0.591       0.506       0.590       0.627       0.586       0.597
     110  1071.082       0.519       0.605       0.642       0.599       0.611       0.518       0.603       0.641       0.598       0.610       0.494       0.579       0.617       0.576       0.588       0.512       0.597       0.634       0.593       0.604       0.519       0.603       0.640       0.598       0.609
     111  1071.038       0.483       0.569       0.606       0.563       0.574       0.483       0.568       0.605       0.562       0.573       0.458       0.545       0.582       0.541       0.552       0.477       0.562       0.599       0.557       0.568       0.483       0.568       0.605       0.562       0.573
     112  1071.108       0.561       0.647       0.684       0.641       0.652       0.560       0.646       0.683       0.640       0.651       0.537       0.623       0.661       0.619       0.630       0.555       0.641       0.678       0.635       0.646       0.561       0.646       0.683       0.640       0.651
     113  1070.993       0.453       0.540       0.577       0.533       0.543       0.453       0.539       0.576       0.532       0.543       0.430       0.517       0.555       0.511       0.523       0.447       0.534       0.571       0.527       0.538       0.453       0.539       0.576       0.532       0.543
     114  1071.045       0.512       0.599       0.636       0.591       0.602       0.511       0.598       0.635       0.590       0.601       0.489       0.577       0.615       0.570       0.582       0.507       0.593       0.630       0.586       0.597       0.512       0.599       0.636       0.591       0.601
     115  1071.016       0.489       0.577       0.614       0.568       0.579       0.489       0.576       0.613       0.567       0.578       0.467       0.555       0.593       0.548       0.559       0.484       0.571       0.608       0.563       0.574       0.490       0.577       0.614       0.568       0.579
     116  1070.940       0.419       0.507       0.544       0.497       0.508       0.419       0.506       0.544       0.497       0.508       0.398       0.486       0.524       0.478       0.489       0.414       0.502       0.539       0.493       0.503       0.420       0.507       0.544       0.498       0.508
     117  1070.915       0.400       0.488       0.525       0.478       0.488       0.399       0.487       0.524       0.477       0.488       0.379       0.468       0.505       0.459       0.470       0.395       0.483       0.520       0.473       0.484       0.401       0.488       0.525       0.478       0.488
     118  1071.004       0.494       0.582       0.619       0.571       0.582       0.493       0.582       0.619       0.571       0.581       0.473       0.563       0.600       0.553       0.564       0.489       0.578       0.615       0.567       0.577       0.495       0.583       0.620       0.572       0.582
     119  1070.882       0.376       0.465       0.502       0.453       0.464       0.376       0.465       0.502       0.453       0.463       0.357       0.446       0.484       0.436       0.447       0.372       0.461       0.498       0.449       0.460       0.378       0.466       0.503       0.454       0.464
     120  1070.930       0.428       0.518       0.555       0.505       0.515       0.428       0.517       0.554       0.505       0.515       0.409       0.499       0.537       0.488       0.499       0.424       0.514       0.551       0.501       0.512       0.430       0.519       0.555       0.506       0.516
     121  1070.879       0.381       0.471       0.508       0.457       0.467       0.381       0.470       0.507       0.457       0.467       0.363       0.453       0.491       0.441       0.452       0.377       0.467       0.504       0.454       0.464       0.383       0.472       0.508       0.458       0.468
     122  1070.864       0.369       0.459       0.496       0.445       0.455       0.369       0.459       0.496       0.445       0.455       0.351       0.442       0.480       0.429       0.440       0.366       0.456       0.493       0.442       0.452       0.371       0.460       0.497       0.446       0.456
     123  1070.860       0.368       0.458       0.495       0.443       0.453       0.368       0.458       0.495       0.443       0.453       0.351       0.442       0.480       0.428       0.439       0.365       0.455       0.492       0.440       0.450       0.370       0.460       0.496       0.444       0.454
     124  1070.883       0.393       0.484       0.521       0.468       0.478       0.393       0.484       0.521       0.468       0.477       0.377       0.468       0.506       0.454       0.464       0.390       0.481       0.518       0.465       0.475       0.395       0.486       0.522       0.469       0.479
     125  1070.783       0.295       0.386       0.423       0.369       0.379       0.295       0.386       0.423       0.369       0.379       0.279       0.371       0.409       0.356       0.366       0.292       0.383       0.420       0.367       0.376       0.297       0.388       0.424       0.371       0.380
     126  1070.803       0.316       0.408       0.445       0.390       0.400       0.316       0.408       0.445       0.390       0.399       0.301       0.393       0.431       0.377       0.387       0.314       0.405       0.442       0.388       0.397       0.319       0.410       0.446       0.392       0.401
     127  1070.781       0.295       0.387       0.424       0.368       0.378       0.295       0.387       0.424       0.368       0.378       0.281       0.373       0.411       0.356       0.366       0.293       0.385       0.421       0.366       0.376       0.298       0.389       0.425       0.370       0.379
     128  1070.868       0.383       0.475       0.512       0.455       0.465       0.383       0.475       0.512       0.455       0.465       0.369       0.462       0.499       0.444       0.454       0.381       0.473       0.509       0.453       0.463       0.385       0.477       0.513       0.457       0.466
     129  1070.735       0.250       0.343       0.379       0.322       0.331       0.250       0.343       0.379       0.322       0.331       0.236       0.330       0.367       0.311       0.320       0.248       0.341       0.377       0.320       0.329       0.252       0.345       0.380       0.323       0.333
     130  1070.711       0.225       0.318       0.355       0.297       0.306       0.226       0.319       0.355       0.297       0.306       0.213       0.306       0.343       0.286       0.296       0.224       0.317       0.353       0.295       0.304       0.228       0.321       0.356       0.298       0.307
     131  1070.756       0.270       0.363       0.399       0.340       0.349       0.270       0.363       0.399       0.340       0.349       0.257       0.351       0.388       0.331       0.340       0.268       0.361       0.397       0.339       0.348       0.272       0.365       0.401       0.342       0.351
     132  1070.683       0.195       0.289       0.325       0.265       0.274       0.196       0.289       0.325       0.265       0.274       0.184       0.278       0.315       0.256       0.265       0.194       0.288       0.324       0.264       0.273       0.198       0.291       0.327       0.267       0.276
     134  1070.700       0.208       0.303       0.338       0.277       0.285       0.209       0.303       0.339       0.277       0.286       0.198       0.293       0.329       0.269       0.278       0.207       0.302       0.337       0.276       0.285       0.211       0.305       0.340       0.279       0.287
     135  1070.635       0.141       0.235       0.271       0.209       0.217       0.141       0.236       0.271       0.209       0.217       0.131       0.226       0.263       0.201       0.210       0.140       0.234       0.270       0.208       0.216       0.143       0.238       0.273       0.210       0.219
     136  1070.624       0.127       0.222       0.257       0.194       0.202       0.127       0.222       0.257       0.194       0.202       0.117       0.213       0.249       0.187       0.196       0.126       0.221       0.256       0.193       0.201       0.129       0.224       0.259       0.196       0.204
     137  1070.772       0.271       0.366       0.402       0.338       0.346       0.271       0.367       0.402       0.338       0.346       0.262       0.358       0.394       0.331       0.340       0.270       0.366       0.401       0.337       0.345       0.274       0.368       0.403       0.339       0.347
     138  1070.701       0.196       0.292       0.327       0.262       0.270       0.196       0.292       0.327       0.262       0.270       0.188       0.284       0.320       0.256       0.265       0.196       0.291       0.326       0.261       0.269       0.199       0.294       0.328       0.263       0.271
     139  1070.646       0.137       0.233       0.267       0.202       0.209       0.137       0.233       0.268       0.202       0.210       0.129       0.226       0.261       0.197       0.205       0.136       0.232       0.267       0.201       0.209       0.139       0.235       0.269       0.203       0.211
     140  1070.612       0.098       0.194       0.229       0.162       0.170       0.098       0.194       0.229       0.162       0.170       0.091       0.187       0.223       0.157       0.165       0.097       0.194       0.228       0.162       0.169       0.100       0.196       0.230       0.163       0.171
     141  1070.547       0.027       0.124       0.158       0.091       0.098       0.028       0.124       0.159       0.091       0.098       0.021       0.118       0.153       0.087       0.095       0.027       0.124       0.158       0.091       0.098       0.030       0.126       0.160       0.092       0.099
     142  1070.573       0.048       0.144       0.179       0.110       0.117       0.048       0.145       0.179       0.110       0.118       0.041       0.139       0.174       0.107       0.114       0.048       0.144       0.179       0.110       0.117       0.050       0.146       0.180       0.111       0.118
     143  1070.571       0.039       0.136       0.171       0.101       0.108       0.040       0.137       0.171       0.101       0.108       0.034       0.132       0.167       0.098       0.106       0.039       0.136       0.170       0.101       0.108       0.042       0.138       0.172       0.102       0.109
     145  1070.529      -0.016       0.081       0.115       0.044       0.050      -0.016       0.081       0.115       0.044       0.050      -0.021       0.077       0.112       0.042       0.049      -0.016       0.081       0.115       0.044       0.050      -0.014       0.083       0.116       0.044       0.051
     146  1070.524      -0.029       0.069       0.102       0.030       0.037      -0.029       0.069       0.103       0.030       0.037      -0.033       0.066       0.100       0.029       0.036      -0.029       0.069       0.102       0.030       0.037      -0.027       0.070       0.103       0.031       0.037
     147  1070.527      -0.034       0.064       0.098       0.024       0.031      -0.034       0.064       0.098       0.024       0.031      -0.038       0.061       0.096       0.023       0.030      -0.034       0.064       0.097       0.024       0.031      -0.032       0.065       0.098       0.025       0.031
     148  1070.506      -0.063       0.035       0.068      -0.006       0.000      -0.063       0.035       0.068      -0.006       0.000      -0.067       0.033       0.067      -0.007       0.000      -0.063       0.035       0.068      -0.006       0.000      -0.062       0.036       0.069      -0.006       0.000
     149  1070.522      -0.056       0.042       0.075       0.000        ----      -0.056       0.042       0.075       0.000        ----      -0.059       0.040       0.074       0.000        ----      -0.056       0.042       0.075       0.000        ----      -0.055       0.043       0.076       0.000        ----
     151  1070.466      -0.131      -0.032       0.000        ----        ----      -0.131      -0.032       0.000        ----        ----      -0.133      -0.033       0.000        ----        ----      -0.131      -0.032       0.000        ----        ----      -0.130      -0.032       0.000        ----        ----
     153  1070.519      -0.099       0.000        ----        ----        ----      -0.099       0.000        ----        ----        ----      -0.100       0.000        ----        ----        ----      -0.099       0.000        ----        ----        ----      -0.099       0.000        ----        ----        ----
     155  1070.641       0.000        ----        ----        ----        ----       0.000        ----        ----        ----        ----       0.000        ----        ----        ----        ----       0.000        ----        ----        ----        ----       0.000        ----        ----        ----        ----
  - Minimum altitude ..........: 1070.466
    Distance to origin ........: 75.500
    Sag from wire points ......: 0.718
    Distance to origin ........: 42.500
