Catenary estimation report
- Project file ................: C:/uclm/Ejemplo_Cuenca/RPAS_LIDAR/RPAS_LIDAR_OLD/pw_old_cuenca_rpas_lidar.sqlite
- Wires group .................: EP_1_EP_2WG_5
- Processing parameters:
  - Distance between points ...: 0.500
  - Linear tolerance ..........: 0.400
  - Linear threshold LS........: 0.100
  - Minimum points in profile .: 2
  - Minimum inliers in profile : 2
  - Maximum iterations ........: 10
- Step 1: 2D line estimation
  - Number of points .......: 1164
    Parameter m    Parameter n       Std  Outliers
       0.355280         -0.041     0.029        16
  - WKT: LINESTRING(634834.3180 4412188.2956,634858.6200 4412196.9296)
- Step 2: 2D line estimation
   Point    H.Mean     Std  Outliers Inliers   Minimum   Maximum  Difference    Values
       0  *** There are no enought points: 1
       1  *** There are no enought points: 0
       2  1074.998   0.018         0       9  1074.972  1075.039       0.067  1074.998  1074.998  1074.998  1074.998  1074.998  1074.998  1074.998  1074.998  1074.998
       3  1075.043   0.035         0      10  1074.998  1075.122       0.124  1075.043  1075.043  1075.043  1075.043  1075.043  1075.043  1075.043  1075.043  1075.043  1075.043
       4  1075.107   0.015         0       2  1075.107  1075.128       0.021  1075.107  1075.107
       5  1075.191   0.025         0       3  1075.148  1075.191       0.043  1075.191  1075.191  1075.191
       6  1075.164   0.042         0       5  1075.164  1075.235       0.071  1075.164  1075.164  1075.164  1075.164  1075.164
       7  1075.229   0.025         0       7  1075.185  1075.253       0.068  1075.229  1075.229  1075.229  1075.229  1075.229  1075.229  1075.229
       8  1075.288   0.035         0       6  1075.250  1075.344       0.094  1075.288  1075.288  1075.288  1075.288  1075.288  1075.288
       9  1075.331   0.043         0      10  1075.258  1075.331       0.073  1075.331  1075.331  1075.331  1075.331  1075.331  1075.331  1075.331  1075.331  1075.331  1075.331
      10  1075.317   0.066         0      10  1075.212  1075.461       0.249  1075.317  1075.317  1075.317  1075.317  1075.317  1075.317  1075.317  1075.317  1075.317  1075.317
      11  1075.455   0.054         0      12  1075.365  1075.455       0.090  1075.455  1075.455  1075.455  1075.455  1075.455  1075.455  1075.455  1075.455  1075.455  1075.455  1075.455  1075.455
      12  1075.415   0.044         0       8  1075.415  1075.505       0.090  1075.415  1075.415  1075.415  1075.415  1075.415  1075.415  1075.415  1075.415
      13  1075.464   0.060         0      14  1075.456  1075.614       0.158  1075.464  1075.464  1075.464  1075.464  1075.464  1075.464  1075.464  1075.464  1075.464  1075.464  1075.464  1075.464  1075.464  1075.464
      14  1075.515   0.055         0      12  1075.503  1075.645       0.142  1075.515  1075.515  1075.515  1075.515  1075.515  1075.515  1075.515  1075.515  1075.515  1075.515  1075.515  1075.515
      15  1075.570   0.031         0      14  1075.547  1075.634       0.087  1075.570  1075.570  1075.570  1075.570  1075.570  1075.570  1075.570  1075.570  1075.570  1075.570  1075.570  1075.570  1075.570  1075.570
      16  1075.635   0.045         0      11  1075.562  1075.717       0.155  1075.635  1075.635  1075.635  1075.635  1075.635  1075.635  1075.635  1075.635  1075.635  1075.635  1075.635
      17  1075.680   0.034         0      16  1075.610  1075.740       0.130  1075.680  1075.680  1075.680  1075.680  1075.680  1075.680  1075.680  1075.680  1075.680  1075.680  1075.680  1075.680  1075.680  1075.680  1075.680  1075.680
      18  1075.713   0.064         0      16  1075.691  1075.906       0.215  1075.713  1075.713  1075.713  1075.713  1075.713  1075.713  1075.713  1075.713  1075.713  1075.713  1075.713  1075.713  1075.713  1075.713  1075.713  1075.713
      19  1075.795   0.081         0      15  1075.502  1075.842       0.340  1075.795  1075.795  1075.795  1075.795  1075.795  1075.795  1075.795  1075.795  1075.795  1075.795  1075.795  1075.795  1075.795  1075.795  1075.795
      20  1075.825   0.043         0      33  1075.735  1075.907       0.172  1075.825  1075.825  1075.825  1075.825  1075.825  1075.825  1075.825  1075.825  1075.825  1075.825  1075.825  1075.825  1075.825  1075.825  1075.825  1075.825  1075.825  1075.825  1075.825  1075.825  1075.825  1075.825  1075.825  1075.825  1075.825  1075.825  1075.825  1075.825  1075.825  1075.825  1075.825  1075.825  1075.825
      21  1075.837   0.045         0      31  1075.811  1075.965       0.154  1075.837  1075.837  1075.837  1075.837  1075.837  1075.837  1075.837  1075.837  1075.837  1075.837  1075.837  1075.837  1075.837  1075.837  1075.837  1075.837  1075.837  1075.837  1075.837  1075.837  1075.837  1075.837  1075.837  1075.837  1075.837  1075.837  1075.837  1075.837  1075.837  1075.837  1075.837
      22  1076.011   0.104         0      25  1075.823  1076.011       0.188  1076.011  1076.011  1076.011  1076.011  1076.011  1076.011  1076.011  1076.011  1076.011  1076.011  1076.011  1076.011  1076.011  1076.011  1076.011  1076.011  1076.011  1076.011  1076.011  1076.011  1076.011  1076.011  1076.011  1076.011  1076.011
      23  1075.997   0.064         0      39  1075.836  1076.093       0.257  1075.997  1075.997  1075.997  1075.997  1075.997  1075.997  1075.997  1075.997  1075.997  1075.997  1075.997  1075.997  1075.997  1075.997  1075.997  1075.997  1075.997  1075.997  1075.997  1075.997  1075.997  1075.997  1075.997  1075.997  1075.997  1075.997  1075.997  1075.997  1075.997  1075.997  1075.997  1075.997  1075.997  1075.997  1075.997  1075.997  1075.997  1075.997  1075.997
      24  1075.963   0.072         0      40  1075.936  1076.118       0.182  1075.963  1075.963  1075.963  1075.963  1075.963  1075.963  1075.963  1075.963  1075.963  1075.963  1075.963  1075.963  1075.963  1075.963  1075.963  1075.963  1075.963  1075.963  1075.963  1075.963  1075.963  1075.963  1075.963  1075.963  1075.963  1075.963  1075.963  1075.963  1075.963  1075.963  1075.963  1075.963  1075.963  1075.963  1075.963  1075.963  1075.963  1075.963  1075.963  1075.963
      25  1076.025   0.069         0      32  1076.005  1076.210       0.205  1076.025  1076.025  1076.025  1076.025  1076.025  1076.025  1076.025  1076.025  1076.025  1076.025  1076.025  1076.025  1076.025  1076.025  1076.025  1076.025  1076.025  1076.025  1076.025  1076.025  1076.025  1076.025  1076.025  1076.025  1076.025  1076.025  1076.025  1076.025  1076.025  1076.025  1076.025  1076.025
      26  1076.104   0.054         0      41  1075.939  1076.254       0.315  1076.104  1076.104  1076.104  1076.104  1076.104  1076.104  1076.104  1076.104  1076.104  1076.104  1076.104  1076.104  1076.104  1076.104  1076.104  1076.104  1076.104  1076.104  1076.104  1076.104  1076.104  1076.104  1076.104  1076.104  1076.104  1076.104  1076.104  1076.104  1076.104  1076.104  1076.104  1076.104  1076.104  1076.104  1076.104  1076.104  1076.104  1076.104  1076.104  1076.104  1076.104
      27  1076.175   0.062         0      47  1076.074  1076.405       0.331  1076.175  1076.175  1076.175  1076.175  1076.175  1076.175  1076.175  1076.175  1076.175  1076.175  1076.175  1076.175  1076.175  1076.175  1076.175  1076.175  1076.175  1076.175  1076.175  1076.175  1076.175  1076.175  1076.175  1076.175  1076.175  1076.175  1076.175  1076.175  1076.175  1076.175  1076.175  1076.175  1076.175  1076.175  1076.175  1076.175  1076.175  1076.175  1076.175  1076.175  1076.175  1076.175  1076.175  1076.175  1076.175  1076.175  1076.175
      28  1076.242   0.058         0      50  1076.133  1076.415       0.282  1076.242  1076.242  1076.242  1076.242  1076.242  1076.242  1076.242  1076.242  1076.242  1076.242  1076.242  1076.242  1076.242  1076.242  1076.242  1076.242  1076.242  1076.242  1076.242  1076.242  1076.242  1076.242  1076.242  1076.242  1076.242  1076.242  1076.242  1076.242  1076.242  1076.242  1076.242  1076.242  1076.242  1076.242  1076.242  1076.242  1076.242  1076.242  1076.242  1076.242  1076.242  1076.242  1076.242  1076.242  1076.242  1076.242  1076.242  1076.242  1076.242  1076.242
      29  1076.251   0.042         0      46  1076.182  1076.347       0.165  1076.251  1076.251  1076.251  1076.251  1076.251  1076.251  1076.251  1076.251  1076.251  1076.251  1076.251  1076.251  1076.251  1076.251  1076.251  1076.251  1076.251  1076.251  1076.251  1076.251  1076.251  1076.251  1076.251  1076.251  1076.251  1076.251  1076.251  1076.251  1076.251  1076.251  1076.251  1076.251  1076.251  1076.251  1076.251  1076.251  1076.251  1076.251  1076.251  1076.251  1076.251  1076.251  1076.251  1076.251  1076.251  1076.251
      30  1076.364   0.055         0      47  1076.237  1076.410       0.173  1076.364  1076.364  1076.364  1076.364  1076.364  1076.364  1076.364  1076.364  1076.364  1076.364  1076.364  1076.364  1076.364  1076.364  1076.364  1076.364  1076.364  1076.364  1076.364  1076.364  1076.364  1076.364  1076.364  1076.364  1076.364  1076.364  1076.364  1076.364  1076.364  1076.364  1076.364  1076.364  1076.364  1076.364  1076.364  1076.364  1076.364  1076.364  1076.364  1076.364  1076.364  1076.364  1076.364  1076.364  1076.364  1076.364  1076.364
      31  1076.462   0.098         0      38  1076.316  1076.577       0.261  1076.462  1076.462  1076.462  1076.462  1076.462  1076.462  1076.462  1076.462  1076.462  1076.462  1076.462  1076.462  1076.462  1076.462  1076.462  1076.462  1076.462  1076.462  1076.462  1076.462  1076.462  1076.462  1076.462  1076.462  1076.462  1076.462  1076.462  1076.462  1076.462  1076.462  1076.462  1076.462  1076.462  1076.462  1076.462  1076.462  1076.462  1076.462
      32  1076.383   0.070         0      47  1076.346  1076.566       0.220  1076.383  1076.383  1076.383  1076.383  1076.383  1076.383  1076.383  1076.383  1076.383  1076.383  1076.383  1076.383  1076.383  1076.383  1076.383  1076.383  1076.383  1076.383  1076.383  1076.383  1076.383  1076.383  1076.383  1076.383  1076.383  1076.383  1076.383  1076.383  1076.383  1076.383  1076.383  1076.383  1076.383  1076.383  1076.383  1076.383  1076.383  1076.383  1076.383  1076.383  1076.383  1076.383  1076.383  1076.383  1076.383  1076.383  1076.383
      33  1076.413   0.067         0      44  1076.402  1076.571       0.169  1076.413  1076.413  1076.413  1076.413  1076.413  1076.413  1076.413  1076.413  1076.413  1076.413  1076.413  1076.413  1076.413  1076.413  1076.413  1076.413  1076.413  1076.413  1076.413  1076.413  1076.413  1076.413  1076.413  1076.413  1076.413  1076.413  1076.413  1076.413  1076.413  1076.413  1076.413  1076.413  1076.413  1076.413  1076.413  1076.413  1076.413  1076.413  1076.413  1076.413  1076.413  1076.413  1076.413  1076.413
      34  1076.487   0.064         0      50  1076.396  1076.657       0.261  1076.487  1076.487  1076.487  1076.487  1076.487  1076.487  1076.487  1076.487  1076.487  1076.487  1076.487  1076.487  1076.487  1076.487  1076.487  1076.487  1076.487  1076.487  1076.487  1076.487  1076.487  1076.487  1076.487  1076.487  1076.487  1076.487  1076.487  1076.487  1076.487  1076.487  1076.487  1076.487  1076.487  1076.487  1076.487  1076.487  1076.487  1076.487  1076.487  1076.487  1076.487  1076.487  1076.487  1076.487  1076.487  1076.487  1076.487  1076.487  1076.487  1076.487
      35  1076.624   0.064         0      26  1076.514  1076.703       0.189  1076.624  1076.624  1076.624  1076.624  1076.624  1076.624  1076.624  1076.624  1076.624  1076.624  1076.624  1076.624  1076.624  1076.624  1076.624  1076.624  1076.624  1076.624  1076.624  1076.624  1076.624  1076.624  1076.624  1076.624  1076.624  1076.624
      36  1076.674   0.070         0      25  1076.399  1076.718       0.319  1076.674  1076.674  1076.674  1076.674  1076.674  1076.674  1076.674  1076.674  1076.674  1076.674  1076.674  1076.674  1076.674  1076.674  1076.674  1076.674  1076.674  1076.674  1076.674  1076.674  1076.674  1076.674  1076.674  1076.674  1076.674
      37  1076.685   0.059         0      21  1076.635  1076.860       0.225  1076.685  1076.685  1076.685  1076.685  1076.685  1076.685  1076.685  1076.685  1076.685  1076.685  1076.685  1076.685  1076.685  1076.685  1076.685  1076.685  1076.685  1076.685  1076.685  1076.685  1076.685
      38  1076.826   0.085         0      24  1076.653  1076.853       0.200  1076.826  1076.826  1076.826  1076.826  1076.826  1076.826  1076.826  1076.826  1076.826  1076.826  1076.826  1076.826  1076.826  1076.826  1076.826  1076.826  1076.826  1076.826  1076.826  1076.826  1076.826  1076.826  1076.826  1076.826
      39  1076.808   0.024         0      15  1076.763  1076.865       0.102  1076.808  1076.808  1076.808  1076.808  1076.808  1076.808  1076.808  1076.808  1076.808  1076.808  1076.808  1076.808  1076.808  1076.808  1076.808
      40  1076.844   0.035         0      18  1076.768  1076.906       0.138  1076.844  1076.844  1076.844  1076.844  1076.844  1076.844  1076.844  1076.844  1076.844  1076.844  1076.844  1076.844  1076.844  1076.844  1076.844  1076.844  1076.844  1076.844
      41  1076.892   0.053         0      23  1076.824  1077.022       0.198  1076.892  1076.892  1076.892  1076.892  1076.892  1076.892  1076.892  1076.892  1076.892  1076.892  1076.892  1076.892  1076.892  1076.892  1076.892  1076.892  1076.892  1076.892  1076.892  1076.892  1076.892  1076.892  1076.892
      42  1076.929   0.062         0      16  1076.921  1077.085       0.164  1076.929  1076.929  1076.929  1076.929  1076.929  1076.929  1076.929  1076.929  1076.929  1076.929  1076.929  1076.929  1076.929  1076.929  1076.929  1076.929
      43  1077.154   0.147         0      18  1076.956  1077.154       0.198  1077.154  1077.154  1077.154  1077.154  1077.154  1077.154  1077.154  1077.154  1077.154  1077.154  1077.154  1077.154  1077.154  1077.154  1077.154  1077.154  1077.154  1077.154
      44  1077.174   0.109         0      18  1076.987  1077.174       0.187  1077.174  1077.174  1077.174  1077.174  1077.174  1077.174  1077.174  1077.174  1077.174  1077.174  1077.174  1077.174  1077.174  1077.174  1077.174  1077.174  1077.174  1077.174
      45  1077.215   0.101         0      24  1076.959  1077.260       0.301  1077.215  1077.215  1077.215  1077.215  1077.215  1077.215  1077.215  1077.215  1077.215  1077.215  1077.215  1077.215  1077.215  1077.215  1077.215  1077.215  1077.215  1077.215  1077.215  1077.215  1077.215  1077.215  1077.215  1077.215
      46  1077.101   0.087         0      19  1077.068  1077.294       0.226  1077.101  1077.101  1077.101  1077.101  1077.101  1077.101  1077.101  1077.101  1077.101  1077.101  1077.101  1077.101  1077.101  1077.101  1077.101  1077.101  1077.101  1077.101  1077.101
      47  1077.309   0.088         0      23  1077.145  1077.309       0.164  1077.309  1077.309  1077.309  1077.309  1077.309  1077.309  1077.309  1077.309  1077.309  1077.309  1077.309  1077.309  1077.309  1077.309  1077.309  1077.309  1077.309  1077.309  1077.309  1077.309  1077.309  1077.309  1077.309
      48  1077.294   0.039         0      12  1077.240  1077.374       0.134  1077.294  1077.294  1077.294  1077.294  1077.294  1077.294  1077.294  1077.294  1077.294  1077.294  1077.294  1077.294
      49  1077.333   0.035         0      25  1077.292  1077.405       0.113  1077.333  1077.333  1077.333  1077.333  1077.333  1077.333  1077.333  1077.333  1077.333  1077.333  1077.333  1077.333  1077.333  1077.333  1077.333  1077.333  1077.333  1077.333  1077.333  1077.333  1077.333  1077.333  1077.333  1077.333  1077.333
      50  1077.372   0.038         0      21  1077.336  1077.436       0.100  1077.372  1077.372  1077.372  1077.372  1077.372  1077.372  1077.372  1077.372  1077.372  1077.372  1077.372  1077.372  1077.372  1077.372  1077.372  1077.372  1077.372  1077.372  1077.372  1077.372  1077.372
      51  1077.424   0.057         0      29  1077.379  1077.603       0.224  1077.424  1077.424  1077.424  1077.424  1077.424  1077.424  1077.424  1077.424  1077.424  1077.424  1077.424  1077.424  1077.424  1077.424  1077.424  1077.424  1077.424  1077.424  1077.424  1077.424  1077.424  1077.424  1077.424  1077.424  1077.424  1077.424  1077.424  1077.424  1077.424
- Step 3: catenary estimation
  Catenary     Std   Max.Error   Length.2d   S.Initial  S.Computed   Max.Sag  Distance
         0   8.857      14.830      24.500      27.478      27.478    14.820    24.500
         1   8.676      14.525      24.000      26.918      26.918    14.515    24.000
         2   8.495      14.233      23.500      26.357      26.357    14.223    23.500
         3   8.313      13.941      23.000      25.796      25.796    13.931    23.000
         4   8.131      13.702      22.500      25.235      25.235    13.692    22.500
         5   8.681      14.532      24.000      26.918      26.918    14.522    24.000
         6   8.499      14.227      23.500      26.357      26.357    14.217    23.500
         7   8.318      13.935      23.000      25.796      25.796    13.872    22.900
         8   8.137      13.643      22.500      25.235      25.235    13.633    22.500
         9   7.955      13.404      22.000      24.675      24.675    13.394    22.000
        10   8.488      14.215      23.500      26.357      26.357    14.205    23.500
        11   8.307      13.910      23.000      25.796      25.796    13.900    23.000
        12   8.126      13.617      22.500      25.235      25.235    13.608    22.500
        13   7.944      13.325      22.000      24.675      24.675    13.315    22.000
        14   7.762      13.087      21.500      24.114      24.114    13.077    21.500
        15   8.278      13.877      23.000      25.796      25.796    13.868    23.000
        16   8.097      13.572      22.500      25.235      25.235    13.563    22.500
        17   7.916      13.280      22.000      24.674      24.674    13.271    22.000
        18   7.734      12.988      21.500      24.114      24.114    12.978    21.500
        19   7.552      12.750      21.000      23.553      23.553    12.740    21.000
        20   8.165      13.652      22.500      25.235      25.235    13.642    22.500
        21   7.984      13.347      22.000      24.675      24.675    13.336    22.000
        22   7.803      13.054      21.500      24.114      24.114    13.044    21.500
        23   7.621      12.762      21.000      23.553      23.553    12.752    21.000
        24   7.439      12.524      20.500      22.992      22.992    12.514    20.500
   Point  Altitude  Diff.Cat-0  Diff.Cat-1  Diff.Cat-2  Diff.Cat-3  Diff.Cat-4  Diff.Cat-5  Diff.Cat-6  Diff.Cat-7  Diff.Cat-8  Diff.Cat-9 Diff.Cat-10 Diff.Cat-11 Diff.Cat-12 Diff.Cat-13 Diff.Cat-14 Diff.Cat-15 Diff.Cat-16 Diff.Cat-17 Diff.Cat-18 Diff.Cat-19 Diff.Cat-20 Diff.Cat-21 Diff.Cat-22 Diff.Cat-23 Diff.Cat-24
       2  1074.998       0.000       0.000       0.000       0.000       0.000        ----        ----        ----        ----        ----        ----        ----        ----        ----        ----        ----        ----        ----        ----        ----        ----        ----        ----        ----        ----
       3  1075.043       0.336       0.336       0.336       0.336       0.336       0.000       0.000       0.000       0.000       0.000        ----        ----        ----        ----        ----        ----        ----        ----        ----        ----        ----        ----        ----        ----        ----
       4  1075.107       0.690       0.690       0.690       0.690       0.690       0.355       0.355       0.355       0.355       0.355       0.000       0.000       0.000       0.000       0.000        ----        ----        ----        ----        ----        ----        ----        ----        ----        ----
       5  1075.191       1.063       1.062       1.062       1.062       1.062       0.729       0.729       0.729       0.729       0.729       0.375       0.375       0.375       0.375       0.375       0.000       0.000       0.000       0.000       0.000        ----        ----        ----        ----        ----
       6  1075.164       1.322       1.322       1.322       1.321       1.321       0.990       0.990       0.990       0.990       0.990       0.638       0.638       0.638       0.638       0.638       0.264       0.264       0.264       0.264       0.264       0.000       0.000       0.000       0.000       0.000
       7  1075.229       1.672       1.672       1.671       1.671       1.670       1.342       1.342       1.341       1.341       1.341       0.991       0.991       0.991       0.991       0.991       0.619       0.619       0.619       0.619       0.619       0.356       0.356       0.356       0.356       0.356
       8  1075.288       2.014       2.014       2.013       2.013       2.012       1.686       1.685       1.685       1.684       1.684       1.337       1.336       1.336       1.336       1.335       0.966       0.966       0.966       0.966       0.965       0.705       0.705       0.705       0.705       0.705
       9  1075.331       2.339       2.338       2.337       2.337       2.336       2.012       2.011       2.011       2.010       2.009       1.664       1.664       1.663       1.663       1.662       1.295       1.295       1.295       1.294       1.294       1.036       1.036       1.036       1.035       1.035
      10  1075.317       2.605       2.604       2.603       2.602       2.601       2.279       2.278       2.278       2.277       2.276       1.933       1.933       1.932       1.931       1.930       1.566       1.565       1.565       1.564       1.564       1.308       1.308       1.307       1.307       1.307
      11  1075.455       3.022       3.020       3.019       3.017       3.016       2.697       2.696       2.695       2.694       2.692       2.352       2.352       2.351       2.350       2.349       1.987       1.986       1.985       1.984       1.984       1.730       1.730       1.729       1.729       1.728
      12  1075.415       3.259       3.257       3.255       3.253       3.251       2.935       2.934       2.932       2.931       2.929       2.592       2.591       2.590       2.588       2.587       2.228       2.227       2.226       2.225       2.224       1.973       1.972       1.971       1.971       1.970
      13  1075.464       3.583       3.581       3.579       3.577       3.574       3.261       3.259       3.257       3.255       3.253       2.919       2.917       2.916       2.914       2.913       2.556       2.555       2.553       2.552       2.551       2.303       2.302       2.301       2.300       2.298
      14  1075.515       3.908       3.905       3.903       3.900       3.897       3.587       3.585       3.583       3.580       3.578       3.246       3.244       3.242       3.240       3.238       2.884       2.883       2.881       2.880       2.878       2.633       2.631       2.630       2.629       2.627
      15  1075.570       4.235       4.232       4.229       4.226       4.222       3.915       3.913       3.910       3.907       3.904       3.576       3.574       3.571       3.569       3.566       3.215       3.213       3.211       3.209       3.207       2.965       2.963       2.962       2.960       2.958
      16  1075.635       4.570       4.567       4.563       4.560       4.556       4.252       4.249       4.246       4.242       4.239       3.914       3.911       3.908       3.905       3.902       3.554       3.552       3.550       3.547       3.545       3.305       3.303       3.301       3.299       3.297
      17  1075.680       4.884       4.880       4.876       4.872       4.868       4.567       4.563       4.560       4.556       4.552       4.230       4.227       4.223       4.220       4.217       3.872       3.869       3.866       3.863       3.860       3.624       3.622       3.619       3.617       3.614
      18  1075.713       5.184       5.180       5.175       5.171       5.166       4.868       4.864       4.860       4.856       4.851       4.532       4.529       4.525       4.521       4.517       4.176       4.172       4.169       4.166       4.162       3.929       3.926       3.923       3.920       3.917
      19  1075.795       5.532       5.527       5.522       5.517       5.511       5.217       5.212       5.208       5.203       5.198       4.882       4.878       4.874       4.869       4.865       4.527       4.523       4.519       4.515       4.511       4.281       4.278       4.275       4.271       4.267
      20  1075.825       5.826       5.820       5.815       5.809       5.803       5.512       5.507       5.502       5.496       5.490       5.178       5.174       5.169       5.164       5.158       4.824       4.820       4.815       4.811       4.806       4.580       4.576       4.572       4.568       4.563
      21  1075.837       6.100       6.094       6.088       6.081       6.075       5.787       5.782       5.776       5.770       5.763       5.455       5.450       5.444       5.438       5.432       5.102       5.097       5.092       5.086       5.081       4.859       4.854       4.850       4.845       4.840
      22  1076.011       6.535       6.528       6.522       6.514       6.507       6.223       6.217       6.210       6.204       6.196       5.892       5.886       5.880       5.873       5.867       5.540       5.534       5.528       5.522       5.516       5.298       5.293       5.287       5.282       5.276
      23  1075.997       6.780       6.773       6.765       6.757       6.749       6.469       6.463       6.455       6.448       6.440       6.139       6.132       6.126       6.118       6.111       5.788       5.782       5.775       5.769       5.762       5.547       5.541       5.535       5.529       5.523
      24  1075.963       7.004       6.996       6.988       6.979       6.970       6.694       6.686       6.678       6.670       6.661       6.365       6.357       6.350       6.342       6.333       6.014       6.008       6.000       5.993       5.985       5.775       5.768       5.762       5.755       5.747
      25  1076.025       7.322       7.313       7.304       7.295       7.285       7.013       7.005       6.996       6.987       6.977       6.684       6.676       6.668       6.659       6.650       6.335       6.328       6.320       6.311       6.303       6.097       6.089       6.082       6.074       6.066
      26  1076.104       7.656       7.646       7.636       7.626       7.615       7.347       7.338       7.329       7.319       7.308       7.020       7.011       7.002       6.992       6.982       6.671       6.663       6.654       6.645       6.636       6.434       6.426       6.418       6.409       6.400
      27  1076.175       7.980       7.969       7.958       7.947       7.935       7.672       7.662       7.652       7.641       7.630       7.345       7.336       7.326       7.315       7.304       6.998       6.989       6.979       6.969       6.959       6.761       6.752       6.743       6.734       6.724
      28  1076.242       8.298       8.287       8.275       8.263       8.250       7.991       7.980       7.969       7.957       7.945       7.665       7.655       7.644       7.633       7.621       7.319       7.309       7.298       7.287       7.276       7.083       7.073       7.063       7.053       7.042
      29  1076.251       8.557       8.545       8.532       8.519       8.505       8.251       8.239       8.227       8.214       8.201       7.925       7.914       7.902       7.890       7.877       7.580       7.569       7.558       7.546       7.533       7.345       7.334       7.323       7.312       7.300
      30  1076.364       8.918       8.905       8.892       8.877       8.863       8.613       8.600       8.587       8.573       8.559       8.288       8.276       8.263       8.250       8.236       7.943       7.931       7.919       7.906       7.893       7.709       7.698       7.686       7.673       7.660
      31  1076.462       9.263       9.249       9.234       9.219       9.203       8.958       8.945       8.930       8.916       8.900       8.634       8.621       8.607       8.593       8.578       8.290       8.277       8.264       8.250       8.235       8.056       8.044       8.031       8.018       8.004
      32  1076.383       9.429       9.414       9.398       9.382       9.365       9.125       9.110       9.095       9.079       9.063       8.801       8.787       8.773       8.757       8.741       8.458       8.444       8.430       8.415       8.399       8.225       8.212       8.198       8.183       8.168
      33  1076.413       9.702       9.686       9.670       9.653       9.635       9.399       9.383       9.367       9.350       9.333       9.076       9.061       9.045       9.029       9.012       8.733       8.719       8.703       8.687       8.670       8.501       8.487       8.472       8.456       8.440
      34  1076.487      10.018      10.001       9.984       9.965       9.946       9.715       9.699       9.682       9.664       9.645       9.393       9.377       9.360       9.343       9.324       9.051       9.035       9.019       9.001       8.983       8.820       8.804       8.788       8.771       8.754
      35  1076.624      10.396      10.378      10.359      10.339      10.319      10.093      10.076      10.057      10.038      10.018       9.772       9.755       9.737       9.718       9.698       9.430       9.413       9.396       9.377       9.358       9.199       9.183       9.166       9.148       9.129
      36  1076.674      10.684      10.665      10.645      10.625      10.603      10.383      10.364      10.344      10.324      10.303      10.062      10.043      10.024      10.004       9.983       9.720       9.702       9.684       9.664       9.643       9.490       9.473       9.454       9.435       9.415
      37  1076.685      10.933      10.912      10.891      10.869      10.847      10.631      10.611      10.591      10.569      10.547      10.311      10.291      10.271      10.250      10.227       9.970       9.951       9.931       9.910       9.888       9.741       9.722       9.702       9.682       9.660
      38  1076.826      11.309      11.288      11.266      11.243      11.218      11.008      10.987      10.965      10.943      10.919      10.688      10.668      10.646      10.623      10.600      10.348      10.328      10.307      10.284      10.261      10.119      10.099      10.078      10.056      10.033
      39  1076.808      11.525      11.503      11.479      11.455      11.429      11.225      11.203      11.180      11.155      11.130      10.905      10.883      10.861      10.837      10.812      10.566      10.544      10.521      10.498      10.473      10.337      10.316      10.293      10.270      10.246
      40  1076.844      11.794      11.770      11.745      11.720      11.693      11.494      11.470      11.446      11.420      11.394      11.175      11.152      11.127      11.102      11.076      10.835      10.812      10.789      10.764      10.737      10.607      10.585      10.561      10.536      10.510
      41  1076.892      12.073      12.048      12.022      11.995      11.966      11.773      11.749      11.723      11.696      11.668      11.454      11.430      11.404      11.378      11.350      11.115      11.091      11.066      11.040      11.012      10.888      10.864      10.839      10.813      10.785
      42  1076.929      12.339      12.313      12.286      12.257      12.228      12.040      12.014      11.987      11.959      11.929      11.721      11.696      11.669      11.641      11.611      11.383      11.357      11.331      11.303      11.274      11.155      11.130      11.104      11.076      11.047
      43  1077.154      12.792      12.765      12.736      12.706      12.675      12.493      12.466      12.437      12.408      12.376      12.175      12.148      12.120      12.090      12.059      11.837      11.810      11.782      11.752      11.721      11.610      11.583      11.555      11.526      11.495
      44  1077.174      13.039      13.010      12.980      12.948      12.916      12.740      12.711      12.681      12.650      12.617      12.422      12.393      12.364      12.332      12.300      12.084      12.055      12.026      11.995      11.963      11.857      11.829      11.799      11.769      11.736
      45  1077.215      13.304      13.274      13.243      13.210      13.176      13.006      12.976      12.944      12.912      12.877      12.688      12.658      12.627      12.594      12.560      12.350      12.320      12.289      12.257      12.223      12.124      12.094      12.063      12.031      11.997
      46  1077.101      13.414      13.382      13.349      13.315      13.279      13.115      13.084      13.051      13.017      12.981      12.798      12.766      12.734      12.699      12.664      12.460      12.429      12.396      12.362      12.326      12.234      12.203      12.170      12.136      12.100
      47  1077.309      13.843      13.810      13.776      13.740      13.702      13.545      13.512      13.478      13.442      13.404      13.228      13.195      13.161      13.125      13.087      12.890      12.857      12.823      12.787      12.750      12.664      12.631      12.597      12.562      12.524
      48  1077.294      14.049      14.014      13.978      13.941        ----      13.750      13.716      13.680      13.643        ----      13.433      13.399      13.363      13.325        ----      13.096      13.061      13.026      12.988        ----      12.870      12.835      12.800      12.762        ----
      49  1077.333      14.306      14.270      14.233        ----        ----      14.008      13.972      13.935        ----        ----      13.691      13.655      13.617        ----        ----      13.354      13.318      13.280        ----        ----      13.128      13.092      13.054        ----        ----
      50  1077.372      14.562      14.525        ----        ----        ----      14.264      14.227        ----        ----        ----      13.947      13.910        ----        ----        ----      13.610      13.572        ----        ----        ----      13.384      13.347        ----        ----        ----
      51  1077.424      14.830        ----        ----        ----        ----      14.532        ----        ----        ----        ----      14.215        ----        ----        ----        ----      13.877        ----        ----        ----        ----      13.652        ----        ----        ----        ----
  - Catenary results: 
    First point ...............: POINT(634837.1449 4412189.3000 1075.1640)
    Last point ................: POINT(634856.4620 4412196.1629 1077.3090)
    Distance 3D ...............: 20.612
    Distance 2D ...............: 20.500
    Sag from wire points ......: 0.223
    Distance to origin ........: 12.000
    Sag point .................: POINT(634848.4525 4412193.3173 1068.7038)
